1430425480.590750,0
1430425480.605099,2
1430425480.619207,0
1430425480.636995,0
1430425480.651528,7
1430425480.670214,0
1430425480.685448,0
1430425480.700378,8
1430425480.714385,10
1430425480.728116,0
1430425480.743759,7
1430425480.758650,8
1430425480.772771,9
1430425480.788351,9
1430425480.802225,10
1430425480.817265,9
1430425480.834400,8
1430425480.850349,10
1430425480.868854,10
1430425480.883544,10
1430425480.898292,10
1430425480.912854,9
1430425480.930636,9
1430425480.947839,9
1430425480.963690,9
1430425480.979131,9
1430425480.993974,9
1430425481.010639,9
1430425481.026212,9
1430425481.040942,9
1430425481.056240,10
1430425481.070792,9
1430425481.086076,9
1430425481.100311,10
1430425481.115176,10
1430425481.129891,10
1430425481.145992,10
1430425481.160294,10
1430425481.175648,8
1430425481.190458,10
1430425481.205509,10
1430425481.219856,9
1430425481.234456,10
1430425481.249902,10
1430425481.266121,10
1430425481.279971,10
1430425481.294850,10
1430425481.309530,10
1430425481.324210,10
1430425481.338765,9
1430425481.354139,10
1430425481.369925,10
1430425481.385442,9
1430425481.400227,10
1430425481.415180,10
1430425481.429397,9
1430425481.443569,10
1430425481.459456,10
1430425481.475022,10
1430425481.490076,10
1430425481.508803,10
1430425481.523641,10
1430425481.537929,10
1430425481.552346,10
1430425481.569725,10
1430425481.585209,10
1430425481.600142,10
1430425481.615663,10
1430425481.630123,9
1430425481.645107,10
1430425481.659262,10
1430425481.673762,10
1430425481.688409,10
1430425481.702377,10
1430425481.716695,11
1430425481.731487,10
1430425481.746890,10
1430425481.762490,10
1430425481.777422,10
1430425481.791732,10
1430425481.806106,10
1430425481.820924,10
1430425481.836907,10
1430425481.851011,9
1430425481.864696,9
1430425481.879250,9
1430425481.894072,9
1430425481.911304,9
1430425481.925769,9
1430425481.940558,9
1430425481.956280,9
1430425481.971519,9
1430425481.987074,10
1430425482.002018,9
1430425482.016681,9
1430425482.030991,9
1430425482.045478,9
1430425482.060601,9
1430425482.074639,9
1430425482.088890,9
1430425482.102783,9
1430425482.117409,10
1430425482.131924,10
1430425482.146482,9
1430425482.161402,9
1430425482.176892,10
1430425482.191422,9
1430425482.206584,9
1430425482.220659,9
1430425482.234407,9
1430425482.250023,9
1430425482.264430,9
1430425482.279571,10
1430425482.295190,9
1430425482.309468,9
1430425482.324004,9
1430425482.339571,9
1430425482.353697,10
1430425482.368954,9
1430425482.383283,9
1430425482.397628,9
1430425482.412118,9
1430425482.426488,9
1430425482.440991,10
1430425482.455498,10
1430425482.470108,10
1430425482.484683,10
1430425482.499337,10
1430425482.513915,10
1430425482.529974,10
1430425482.545779,10
1430425482.560796,10
1430425482.575429,10
1430425482.589999,10
1430425482.605308,10
1430425482.619978,10
1430425482.635850,10
1430425482.651111,10
1430425482.667870,10
1430425482.681903,10
1430425482.695784,10
1430425482.710954,10
1430425482.726440,10
1430425482.741093,10
1430425482.756588,9
1430425482.771755,10
1430425482.786198,10
1430425482.801562,11
1430425482.816184,11
1430425482.831313,12
1430425482.845760,11
1430425482.860480,11
1430425482.875503,11
1430425482.890905,11
1430425482.905993,11
1430425482.921559,11
1430425482.936678,11
1430425482.951152,11
1430425482.966356,11
1430425482.982248,11
1430425482.996933,11
1430425483.012272,11
1430425483.027427,11
1430425483.044253,10
1430425483.058728,11
1430425483.072848,11
1430425483.088038,11
1430425483.104269,11
1430425483.119868,11
1430425483.134151,11
1430425483.148213,11
1430425483.163150,11
1430425483.177705,11
1430425483.191567,11
1430425483.207345,11
1430425483.226542,10
1430425483.241176,10
1430425483.258198,11
1430425483.272682,11
1430425483.287115,11
1430425483.303881,11
1430425483.319344,11
1430425483.334832,11
1430425483.350045,11
1430425483.363797,11
1430425483.378469,11
1430425483.392916,11
1430425483.407398,11
1430425483.422200,10
1430425483.437291,10
1430425483.451364,10
1430425483.466272,10
1430425483.481836,11
1430425483.496260,11
1430425483.510853,11
1430425483.526046,11
1430425483.540747,10
1430425483.554521,10
1430425483.570690,11
1430425483.587416,10
1430425483.601548,11
1430425483.616287,11
1430425483.631613,11
1430425483.646470,12
1430425483.660824,11
1430425483.675332,11
1430425483.689874,10
1430425483.706061,11
1430425483.721438,11
1430425483.739795,11
1430425483.755611,11
1430425483.771509,11
1430425483.788708,11
1430425483.802358,11
1430425483.816421,11
1430425483.831706,11
1430425483.845660,12
1430425483.860359,11
1430425483.874494,11
1430425483.890132,11
1430425483.904384,11
1430425483.918779,11
1430425483.934003,11
1430425483.949437,10
1430425483.963719,11
1430425483.978511,11
1430425483.993683,11
1430425484.009517,11
1430425484.024474,11
1430425484.039573,11
1430425484.053398,11
1430425484.067903,11
1430425484.082499,11
1430425484.097187,11
1430425484.112317,11
1430425484.126147,11
1430425484.141077,10
1430425484.156182,11
1430425484.175489,11
1430425484.191068,11
1430425484.205503,11
1430425484.220212,11
1430425484.236102,11
1430425484.251022,11
1430425484.265652,11
1430425484.281196,11
1430425484.296075,11
1430425484.311976,11
1430425484.326957,11
1430425484.344511,11
1430425484.360209,11
1430425484.375650,12
1430425484.390277,12
1430425484.405349,12
1430425484.419862,12
1430425484.435177,12
1430425484.450036,12
1430425484.464393,11
1430425484.479874,12
1430425484.499709,12
1430425484.514606,11
1430425484.529282,11
1430425484.544636,11
1430425484.559515,12
1430425484.575287,12
1430425484.591928,12
1430425484.606352,12
1430425484.621725,12
1430425484.636088,12
1430425484.650841,12
1430425484.665712,12
1430425484.680827,11
1430425484.695418,12
1430425484.709835,12
1430425484.724419,12
1430425484.739489,12
1430425484.753654,12
1430425484.767740,11
1430425484.782985,12
1430425484.797675,12
1430425484.813567,12
1430425484.828520,12
1430425484.843297,12
1430425484.858885,13
1430425484.872991,12
1430425484.887723,12
1430425484.902110,12
1430425484.916756,12
1430425484.932200,12
1430425484.947053,12
1430425484.962106,12
1430425484.977282,12
1430425484.992332,12
1430425485.007093,12
1430425485.021568,12
1430425485.036329,12
1430425485.051695,12
1430425485.065545,12
1430425485.079911,12
1430425485.095852,12
1430425485.111740,12
1430425485.126311,12
1430425485.140897,12
1430425485.156338,12
1430425485.174409,12
1430425485.188663,12
1430425485.202752,13
1430425485.218652,13
1430425485.233511,13
1430425485.249436,13
1430425485.263945,13
1430425485.278556,13
1430425485.293037,13
1430425485.308499,13
1430425485.323365,13
1430425485.337441,12
1430425485.352122,13
1430425485.368143,13
1430425485.384064,13
1430425485.399576,13
1430425485.415230,12
1430425485.429808,13
1430425485.446035,13
1430425485.460340,13
1430425485.476149,13
1430425485.490769,12
1430425485.506043,12
1430425485.520792,12
1430425485.535333,12
1430425485.549882,13
1430425485.565637,13
1430425485.580270,13
1430425485.596498,13
1430425485.611189,12
1430425485.627585,12
1430425485.642583,12
1430425485.658850,12
1430425485.673431,12
1430425485.689499,12
1430425485.703466,12
1430425485.718644,12
1430425485.732965,12
1430425485.749421,12
1430425485.763523,12
1430425485.777652,12
1430425485.792018,12
1430425485.806242,12
1430425485.820772,12
1430425485.836974,12
1430425485.852488,12
1430425485.867100,12
1430425485.882232,12
1430425485.896632,12
1430425485.910932,12
1430425485.925534,13
1430425485.943352,12
1430425485.957739,12
1430425485.974611,12
1430425485.989081,12
1430425486.003311,12
1430425486.018558,12
1430425486.033367,13
1430425486.048081,13
1430425486.063042,13
1430425486.079242,13
1430425486.094022,13
1430425486.110294,13
1430425486.124204,13
1430425486.139903,13
1430425486.153902,13
1430425486.169564,13
1430425486.184030,13
1430425486.198951,13
1430425486.214062,13
1430425486.229008,13
1430425486.243703,13
1430425486.258263,13
1430425486.273795,13
1430425486.288629,13
1430425486.302864,13
1430425486.319736,13
1430425486.336215,13
1430425486.351061,13
1430425486.366000,12
1430425486.381329,13
1430425486.396435,13
1430425486.410831,12
1430425486.425943,13
1430425486.440090,13
1430425486.454646,13
1430425486.470881,13
1430425486.485289,13
1430425486.500317,12
1430425486.514400,13
1430425486.529119,13
1430425486.544048,12
1430425486.558714,13
1430425486.573865,13
1430425486.589202,13
1430425486.604003,13
1430425486.619079,13
1430425486.635379,13
1430425486.649465,13
1430425486.666441,13
1430425486.681174,13
1430425486.696074,13
1430425486.712106,13
1430425486.726305,13
1430425486.740906,13
1430425486.755872,13
1430425486.770313,12
1430425486.785160,13
1430425486.800973,13
1430425486.816048,13
1430425486.831153,13
1430425486.846392,12
1430425486.861541,12
1430425486.876318,12
1430425486.890122,13
1430425486.905576,12
1430425486.920951,12
1430425486.935184,12
1430425486.949938,12
1430425486.964325,12
1430425486.980298,12
1430425486.994281,12
1430425487.010396,12
1430425487.025526,11
1430425487.046888,12
1430425487.064417,12
1430425487.078677,12
1430425487.093617,12
1430425487.107664,12
1430425487.123268,12
1430425487.137333,12
1430425487.151177,12
1430425487.166546,11
1430425487.181413,12
1430425487.195491,12
1430425487.210984,12
1430425487.225500,12
1430425487.240092,12
1430425487.255072,12
1430425487.270380,12
1430425487.287679,12
1430425487.302648,12
1430425487.316649,12
1430425487.331759,12
1430425487.346978,12
1430425487.362082,12
1430425487.376773,12
1430425487.391582,12
1430425487.406868,12
1430425487.422089,12
1430425487.436949,12
1430425487.451505,12
1430425487.466254,12
1430425487.481003,12
1430425487.495960,12
1430425487.511023,12
1430425487.525720,12
1430425487.541557,12
1430425487.556057,12
1430425487.570487,12
1430425487.585695,12
1430425487.600247,12
1430425487.615436,11
1430425487.629512,12
1430425487.645694,12
1430425487.660201,12
1430425487.674700,12
1430425487.689224,12
1430425487.703350,12
1430425487.718176,11
1430425487.733250,12
1430425487.748601,12
1430425487.763720,12
1430425487.779060,12
1430425487.793141,12
1430425487.809656,12
1430425487.825931,13
1430425487.842397,12
1430425487.857111,13
1430425487.872365,13
1430425487.887649,13
1430425487.901590,13
1430425487.916604,13
1430425487.930982,13
1430425487.945255,13
1430425487.959658,13
1430425487.973364,13
1430425487.988799,13
1430425488.006606,14
1430425488.022315,13
1430425488.038200,13
1430425488.053354,13
1430425488.068716,14
1430425488.085180,14
1430425488.100819,14
1430425488.116824,13
1430425488.131785,14
1430425488.146302,14
1430425488.160688,13
1430425488.175414,13
1430425488.189656,13
1430425488.204317,13
1430425488.218801,13
1430425488.235917,13
1430425488.250913,13
1430425488.265088,13
1430425488.279785,13
1430425488.297868,13
1430425488.313315,13
1430425488.329444,13
1430425488.344957,13
1430425488.360562,13
1430425488.375526,13
1430425488.390871,12
1430425488.405153,13
1430425488.420047,13
1430425488.434179,13
1430425488.448401,13
1430425488.463721,13
1430425488.477794,13
1430425488.492437,13
1430425488.506737,13
1430425488.521772,13
1430425488.538946,13
1430425488.553651,13
1430425488.569427,13
1430425488.585506,13
1430425488.601784,12
1430425488.617953,13
1430425488.632891,13
1430425488.648583,13
1430425488.663826,13
1430425488.680127,13
1430425488.695292,13
1430425488.710041,13
1430425488.724509,13
1430425488.739435,13
1430425488.755636,13
1430425488.770050,13
1430425488.785353,13
1430425488.800310,13
1430425488.817330,12
1430425488.833058,12
1430425488.849448,12
1430425488.863625,12
1430425488.876986,13
1430425488.892229,13
1430425488.907607,12
1430425488.922464,12
1430425488.937923,13
1430425488.952684,13
1430425488.968075,12
1430425488.982781,13
1430425488.996765,13
1430425489.011422,13
1430425489.026125,13
1430425489.041261,13
1430425489.057689,12
1430425489.072938,13
1430425489.086898,12
1430425489.101928,12
1430425489.116545,13
1430425489.130993,13
1430425489.145381,13
1430425489.161087,13
1430425489.175759,12
1430425489.189731,12
1430425489.206750,12
1430425489.221896,12
1430425489.236238,12
1430425489.250720,12
1430425489.265648,12
1430425489.279557,12
1430425489.294223,12
1430425489.310297,13
1430425489.325570,13
1430425489.340022,12
1430425489.355962,13
1430425489.372897,13
1430425489.387453,13
1430425489.402606,13
1430425489.417300,13
1430425489.432231,13
1430425489.446101,13
1430425489.460613,13
1430425489.475249,13
1430425489.489264,13
1430425489.503680,13
1430425489.518477,13
1430425489.532944,13
1430425489.547919,13
1430425489.563062,13
1430425489.577841,13
1430425489.592234,13
1430425489.606740,13
1430425489.623608,13
1430425489.638345,13
1430425489.652858,13
1430425489.668703,13
1430425489.684443,12
1430425489.699941,13
1430425489.714935,13
1430425489.729190,13
1430425489.743515,13
1430425489.757664,13
1430425489.772139,13
1430425489.786793,13
1430425489.801904,13
1430425489.815871,13
1430425489.831766,13
1430425489.847272,13
1430425489.861930,12
1430425489.876886,13
1430425489.890979,13
1430425489.906232,13
1430425489.920147,12
1430425489.935493,13
1430425489.950595,13
1430425489.964952,12
1430425489.979344,13
1430425489.994335,13
1430425490.008681,13
1430425490.023073,13
1430425490.038892,13
1430425490.052861,13
1430425490.068171,12
1430425490.082498,14
1430425490.097039,13
1430425490.112455,13
1430425490.128816,12
1430425490.144309,13
1430425490.159548,14
1430425490.174580,13
1430425490.190805,13
1430425490.205320,13
1430425490.219663,14
1430425490.235190,14
1430425490.252100,14
1430425490.266208,15
1430425490.281302,15
1430425490.295711,15
1430425490.310538,15
1430425490.324475,14
1430425490.339737,15
1430425490.354031,15
1430425490.368191,15
1430425490.383654,15
1430425490.398357,15
1430425490.412400,15
1430425490.427048,15
1430425490.444496,15
1430425490.460230,15
1430425490.474544,15
1430425490.489514,15
1430425490.504520,15
1430425490.521292,15
1430425490.535849,14
1430425490.550058,15
1430425490.564796,15
1430425490.580450,15
1430425490.595434,14
1430425490.609506,14
1430425490.626083,15
1430425490.641568,15
1430425490.656311,14
1430425490.670619,14
1430425490.686115,26
1430425490.701236,24
1430425490.716440,24
1430425490.731409,29
1430425490.746689,41
1430425490.762294,44
1430425490.778783,44
1430425490.793886,49
1430425490.809198,61
1430425490.824420,70
1430425490.846204,74
1430425490.863402,74
1430425490.877815,74
1430425490.892807,77
1430425490.907656,82
1430425490.923670,91
1430425490.938643,96
1430425490.955466,103
1430425490.971475,106
1430425490.985943,107
1430425491.001321,107
1430425491.015722,107
1430425491.029961,109
1430425491.045827,114
1430425491.060583,117
1430425491.078911,126
1430425491.096147,131
1430425491.110886,133
1430425491.125359,137
1430425491.143472,139
1430425491.160254,144
1430425491.174440,145
1430425491.190900,146
1430425491.206247,146
1430425491.220090,148
1430425491.234334,150
1430425491.249902,154
1430425491.265311,157
1430425491.280273,160
1430425491.295206,167
1430425491.310229,171
1430425491.324425,173
1430425491.338750,174
1430425491.354223,178
1430425491.368698,180
1430425491.383147,180
1430425491.397400,182
1430425491.411576,182
1430425491.426041,182
1430425491.441510,187
1430425491.456121,189
1430425491.471422,191
1430425491.486069,195
1430425491.500005,197
1430425491.515439,201
1430425491.529779,203
1430425491.546618,207
1430425491.562146,210
1430425491.576975,212
1430425491.592408,214
1430425491.607275,216
1430425491.622186,218
1430425491.637408,218
1430425491.652321,219
1430425491.666638,221
1430425491.681119,220
1430425491.695884,222
1430425491.709914,224
1430425491.725605,224
1430425491.742160,226
1430425491.757074,228
1430425491.773035,234
1430425491.788828,234
1430425491.803483,236
1430425491.818540,240
1430425491.833314,242
1430425491.850221,244
1430425491.865725,245
1430425491.881304,249
1430425491.895339,251
1430425491.910189,254
1430425491.924514,257
1430425491.940498,258
1430425491.955221,259
1430425491.969659,259
1430425491.983667,262
1430425491.998791,261
1430425492.013353,264
1430425492.028299,264
1430425492.042283,265
1430425492.056645,268
1430425492.071776,270
1430425492.086129,272
1430425492.100172,276
1430425492.113856,278
1430425492.129420,279
1430425492.143806,283
1430425492.158573,285
1430425492.172666,287
1430425492.186863,289
1430425492.202149,289
1430425492.216998,293
1430425492.231053,295
1430425492.245301,297
1430425492.259930,299
1430425492.274565,299
1430425492.289591,301
1430425492.303858,301
1430425492.318990,302
1430425492.334280,304
1430425492.349388,304
1430425492.363565,306
1430425492.378768,306
1430425492.393658,307
1430425492.409797,308
1430425492.424548,310
1430425492.439589,312
1430425492.454682,312
1430425492.469575,316
1430425492.485296,318
1430425492.501096,320
1430425492.515426,320
1430425492.530358,325
1430425492.545530,325
1430425492.559812,327
1430425492.574150,329
1430425492.588710,331
1430425492.603218,331
1430425492.617423,333
1430425492.632060,334
1430425492.646388,337
1430425492.661161,339
1430425492.676198,340
1430425492.690306,340
1430425492.704540,342
1430425492.719457,345
1430425492.733100,345
1430425492.748575,345
1430425492.762958,347
1430425492.778654,347
1430425492.793379,350
1430425492.808130,350
1430425492.823442,352
1430425492.838476,352
1430425492.853908,354
1430425492.869060,356
1430425492.883339,356
1430425492.899193,360
1430425492.913590,362
1430425492.929334,364
1430425492.943138,364
1430425492.957998,367
1430425492.972861,369
1430425492.987950,369
1430425493.003006,372
1430425493.017961,374
1430425493.032072,376
1430425493.046946,377
1430425493.061229,378
1430425493.075662,380
1430425493.090772,382
1430425493.105160,384
1430425493.120413,386
1430425493.135918,386
1430425493.150799,388
1430425493.167065,393
1430425493.184358,394
1430425493.199572,393
1430425493.214099,395
1430425493.230003,396
1430425493.244438,396
1430425493.262609,398
1430425493.276616,398
1430425493.291303,400
1430425493.308092,399
1430425493.322478,402
1430425493.338702,402
1430425493.352975,403
1430425493.367939,403
1430425493.382261,405
1430425493.397561,407
1430425493.411629,409
1430425493.425852,409
1430425493.440729,411
1430425493.455140,411
1430425493.470219,416
1430425493.486458,417
1430425493.500637,417
1430425493.514848,419
1430425493.528837,419
1430425493.543674,421
1430425493.559525,423
1430425493.573298,423
1430425493.589288,424
1430425493.603561,424
1430425493.618391,424
1430425493.632986,424
1430425493.648840,424
1430425493.664322,425
1430425493.680195,425
1430425493.694622,424
1430425493.710894,425
1430425493.726450,424
1430425493.741017,424
1430425493.756276,424
1430425493.770462,425
1430425493.785623,425
1430425493.799557,424
1430425493.813796,425
1430425493.828013,424
1430425493.843178,425
1430425493.857895,424
1430425493.872923,424
1430425493.888007,424
1430425493.902917,424
1430425493.918611,424
1430425493.933766,424
1430425493.950123,425
1430425493.964628,425
1430425493.979071,424
1430425493.994351,425
1430425494.009846,425
1430425494.024947,425
1430425494.039005,424
1430425494.053615,425
1430425494.069175,423
1430425494.085367,424
1430425494.100665,424
1430425494.115584,424
1430425494.130896,425
1430425494.145680,424
1430425494.160504,425
1430425494.177457,424
1430425494.191771,424
1430425494.205925,425
1430425494.221007,425
1430425494.236807,425
1430425494.251058,425
1430425494.265150,424
1430425494.279896,425
1430425494.294003,425
1430425494.308645,425
1430425494.322093,425
1430425494.335611,425
1430425494.349332,425
1430425494.365558,425
1430425494.384921,424
1430425494.399795,425
1430425494.413890,425
1430425494.428874,424
1430425494.443535,424
1430425494.458321,424
1430425494.473886,423
1430425494.492550,423
1430425494.508969,423
1430425494.524218,425
1430425494.539733,425
1430425494.554536,425
1430425494.568815,425
1430425494.582791,424
1430425494.597954,425
1430425494.612755,424
1430425494.627681,424
1430425494.642262,424
1430425494.656865,424
1430425494.671725,425
1430425494.686052,425
1430425494.700581,425
1430425494.716349,425
1430425494.731444,425
1430425494.746413,425
1430425494.760303,425
1430425494.774728,425
1430425494.789324,425
1430425494.803934,425
1430425494.818121,425
1430425494.834279,425
1430425494.848908,425
1430425494.863077,419
1430425494.878288,407
1430425494.892565,395
1430425494.908002,382
1430425494.921789,371
1430425494.938422,359
1430425494.953663,346
1430425494.969075,334
1430425494.983564,322
1430425494.998518,313
1430425495.013527,300
1430425495.028889,288
1430425495.043842,275
1430425495.058342,263
1430425495.072595,251
1430425495.087369,244
1430425495.102480,233
1430425495.118589,227
1430425495.132378,216
1430425495.148551,204
1430425495.162544,192
1430425495.177008,181
1430425495.192100,169
1430425495.206970,159
1430425495.222575,161
1430425495.236896,161
1430425495.252046,162
1430425495.266890,162
1430425495.281995,162
1430425495.297303,162
1430425495.311960,162
1430425495.329326,164
1430425495.344024,164
1430425495.360671,166
1430425495.374694,165
1430425495.390990,165
1430425495.405767,165
1430425495.420764,167
1430425495.436308,177
1430425495.450560,183
1430425495.465467,184
1430425495.479856,184
1430425495.494212,185
1430425495.509402,185
1430425495.523457,184
1430425495.537630,185
1430425495.552370,185
1430425495.567366,186
1430425495.582209,186
1430425495.597966,189
1430425495.612575,190
1430425495.628093,189
1430425495.641858,190
1430425495.658713,193
1430425495.672646,205
1430425495.687772,210
1430425495.701699,212
1430425495.716266,213
1430425495.731103,214
1430425495.746103,214
1430425495.761537,214
1430425495.777277,214
1430425495.793115,202
1430425495.807714,190
1430425495.821847,178
1430425495.837136,167
1430425495.852379,158
1430425495.866948,145
1430425495.881756,138
1430425495.895995,126
1430425495.913682,115
1430425495.928521,109
1430425495.943423,102
1430425495.958908,92
1430425495.973875,86
1430425495.989382,77
1430425496.004241,67
1430425496.019077,55
1430425496.033511,44
1430425496.048907,31
1430425496.063961,19
1430425496.078650,7
1430425496.092651,10
1430425496.107642,25
1430425496.123099,35
1430425496.140128,38
1430425496.155946,45
1430425496.170655,49
1430425496.187489,56
1430425496.201803,58
1430425496.216986,62
1430425496.234412,66
1430425496.250277,71
1430425496.265871,75
1430425496.280919,77
1430425496.295560,81
1430425496.311079,85
1430425496.325438,88
1430425496.339856,89
1430425496.358344,93
1430425496.373685,97
1430425496.390511,102
1430425496.404929,104
1430425496.421331,106
1430425496.436109,110
1430425496.450751,112
1430425496.466356,116
1430425496.480993,116
1430425496.496084,118
1430425496.510204,120
1430425496.525963,124
1430425496.540037,126
1430425496.559973,130
1430425496.575172,131
1430425496.590461,132
1430425496.604514,135
1430425496.618405,136
1430425496.634543,138
1430425496.648334,139
1430425496.662871,143
1430425496.677994,143
1430425496.692830,145
1430425496.706946,148
1430425496.721076,151
1430425496.734560,154
1430425496.749905,158
1430425496.764203,158
1430425496.779505,161
1430425496.794543,161
1430425496.808906,165
1430425496.823515,167
1430425496.838944,167
1430425496.853432,169
1430425496.868574,171
1430425496.883298,173
1430425496.898523,175
1430425496.914484,177
1430425496.928956,177
1430425496.946012,179
1430425496.963034,183
1430425496.978311,183
1430425496.992285,187
1430425497.007183,187
1430425497.021637,189
1430425497.036388,189
1430425497.050251,193
1430425497.064490,193
1430425497.080058,195
1430425497.094289,197
1430425497.108431,197
1430425497.122920,200
1430425497.136906,201
1430425497.151539,201
1430425497.166168,204
1430425497.181032,206
1430425497.195852,206
1430425497.210389,208
1430425497.225042,212
1430425497.240188,212
1430425497.256911,216
1430425497.270936,216
1430425497.286378,218
1430425497.301182,218
1430425497.316575,220
1430425497.331406,222
1430425497.346687,224
1430425497.361059,224
1430425497.375805,226
1430425497.390791,226
1430425497.405675,228
1430425497.419988,230
1430425497.434340,230
1430425497.449798,232
1430425497.464985,234
1430425497.479566,234
1430425497.496173,236
1430425497.510067,238
1430425497.525823,240
1430425497.540147,240
1430425497.554019,241
1430425497.569570,243
1430425497.584188,243
1430425497.598615,246
1430425497.615746,246
1430425497.630013,249
1430425497.644697,251
1430425497.659624,250
1430425497.675638,252
1430425497.690981,255
1430425497.706372,254
1430425497.720567,254
1430425497.736181,259
1430425497.750898,259
1430425497.766521,259
1430425497.780965,261
1430425497.796280,264
1430425497.811419,264
1430425497.825742,266
1430425497.840985,268
1430425497.855869,270
1430425497.869783,270
1430425497.886336,272
1430425497.900440,274
1430425497.917316,273
1430425497.932458,273
1430425497.946610,275
1430425497.961344,275
1430425497.975945,277
1430425497.990399,280
1430425498.004350,279
1430425498.027007,280
1430425498.042733,282
1430425498.057928,282
1430425498.073085,284
1430425498.090133,284
1430425498.105150,285
1430425498.122250,287
1430425498.137424,289
1430425498.151655,289
1430425498.167226,290
1430425498.181780,290
1430425498.195824,291
1430425498.210693,293
1430425498.229079,293
1430425498.243665,295
1430425498.258449,297
1430425498.272413,299
1430425498.296284,299
1430425498.311619,301
1430425498.326341,303
1430425498.342938,303
1430425498.358412,303
1430425498.375820,305
1430425498.389783,307
1430425498.404729,307
1430425498.420076,308
1430425498.435057,309
1430425498.450033,309
1430425498.464361,311
1430425498.478395,311
1430425498.494140,313
1430425498.509229,313
1430425498.525903,312
1430425498.540807,315
1430425498.555928,317
1430425498.570126,317
1430425498.584149,316
1430425498.600091,319
1430425498.616486,320
1430425498.631544,322
1430425498.646141,322
1430425498.660958,322
1430425498.677413,324
1430425498.692445,326
1430425498.706871,328
1430425498.722885,328
1430425498.738338,330
1430425498.753428,333
1430425498.768705,333
1430425498.783587,333
1430425498.799106,335
1430425498.815316,335
1430425498.829602,337
1430425498.845680,337
1430425498.860596,339
1430425498.875262,338
1430425498.890093,339
1430425498.904074,340
1430425498.918093,340
1430425498.933354,340
1430425498.950242,342
1430425498.964867,342
1430425498.979883,344
1430425498.993936,344
1430425499.007838,346
1430425499.022546,346
1430425499.037987,347
1430425499.051951,349
1430425499.067131,349
1430425499.081732,350
1430425499.099357,352
1430425499.114386,352
1430425499.129383,354
1430425499.146311,354
1430425499.161083,356
1430425499.176084,356
1430425499.191330,357
1430425499.205823,357
1430425499.220852,359
1430425499.236575,361
1430425499.250709,362
1430425499.265945,362
1430425499.280841,362
1430425499.297141,363
1430425499.310809,364
1430425499.329266,365
1430425499.347787,365
1430425499.361783,367
1430425499.376412,368
1430425499.394644,368
1430425499.409723,370
1430425499.424722,369
1430425499.441220,373
1430425499.456013,373
1430425499.470995,375
1430425499.485783,375
1430425499.500115,375
1430425499.515260,377
1430425499.530105,377
1430425499.546475,377
1430425499.560697,378
1430425499.575780,379
1430425499.591079,379
1430425499.606048,379
1430425499.620073,381
1430425499.636736,381
1430425499.650598,381
1430425499.665405,383
1430425499.680053,385
1430425499.694736,386
1430425499.710650,387
1430425499.725004,389
1430425499.741874,389
1430425499.759317,391
1430425499.773842,393
1430425499.789247,393
1430425499.803584,393
1430425499.818309,393
1430425499.833597,395
1430425499.848903,395
1430425499.863973,397
1430425499.879316,396
1430425499.894084,399
1430425499.909494,399
1430425499.924467,399
1430425499.940167,401
1430425499.954488,401
1430425499.969292,401
1430425499.983891,402
1430425499.998048,403
1430425500.012966,406
1430425500.028209,406
1430425500.041983,408
1430425500.057290,408
1430425500.071723,408
1430425500.087437,411
1430425500.102535,410
1430425500.117228,411
1430425500.131681,411
1430425500.146868,413
1430425500.161562,413
1430425500.177129,413
1430425500.191184,414
1430425500.206265,416
1430425500.220101,417
1430425500.234213,416
1430425500.248857,418
1430425500.263274,418
1430425500.279540,421
1430425500.294238,424
1430425500.309444,423
1430425500.324941,424
1430425500.338796,425
1430425500.352762,424
1430425500.367287,424
1430425500.381920,424
1430425500.396024,424
1430425500.410945,424
1430425500.425376,424
1430425500.440394,424
1430425500.455818,424
1430425500.471335,424
1430425500.485577,424
1430425500.499836,425
1430425500.514940,424
1430425500.529802,424
1430425500.545388,424
1430425500.560125,424
1430425500.574360,424
1430425500.589330,424
1430425500.603351,424
1430425500.618002,425
1430425500.631933,424
1430425500.646744,424
1430425500.661659,425
1430425500.676583,425
1430425500.692103,423
1430425500.706164,423
1430425500.721328,424
1430425500.741748,425
1430425500.755652,424
1430425500.770292,424
1430425500.784609,423
1430425500.799128,423
1430425500.814384,423
1430425500.829077,423
1430425500.843709,423
1430425500.858582,423
1430425500.873146,422
1430425500.887536,424
1430425500.902428,423
1430425500.918578,420
1430425500.933106,418
1430425500.949622,413
1430425500.964350,412
1430425500.980354,411
1430425500.996199,409
1430425501.010856,404
1430425501.026171,400
1430425501.041407,399
1430425501.056119,392
1430425501.070642,392
1430425501.085289,390
1430425501.100374,386
1430425501.115100,383
1430425501.130712,378
1430425501.146569,372
1430425501.161333,368
1430425501.179146,363
1430425501.193685,361
1430425501.208155,357
1430425501.222731,353
1430425501.236798,350
1430425501.251153,346
1430425501.266961,341
1430425501.282447,338
1430425501.297714,336
1430425501.311128,333
1430425501.325898,331
1430425501.340394,328
1430425501.356134,327
1430425501.370259,324
1430425501.386459,320
1430425501.401919,316
1430425501.417052,316
1430425501.432397,311
1430425501.448175,306
1430425501.463586,307
1430425501.478053,306
1430425501.493414,306
1430425501.508995,305
1430425501.525467,307
1430425501.540381,307
1430425501.556384,306
1430425501.571001,306
1430425501.585581,306
1430425501.600568,305
1430425501.614480,308
1430425501.628978,308
1430425501.643549,310
1430425501.658827,309
1430425501.673673,309
1430425501.688310,307
1430425501.702431,305
1430425501.716931,306
1430425501.732834,307
1430425501.754024,306
1430425501.771215,307
1430425501.786714,309
1430425501.800761,308
1430425501.818828,309
1430425501.833512,308
1430425501.850061,307
1430425501.865042,311
1430425501.879593,311
1430425501.893914,309
1430425501.908439,309
1430425501.923035,309
1430425501.937770,310
1430425501.952633,312
1430425501.967480,312
1430425501.982912,311
1430425501.997924,311
1430425502.012276,312
1430425502.027669,311
1430425502.041857,312
1430425502.058390,312
1430425502.073863,314
1430425502.089630,311
1430425502.104089,310
1430425502.118668,311
1430425502.133857,311
1430425502.148777,311
1430425502.163663,313
1430425502.178931,313
1430425502.193786,313
1430425502.209950,316
1430425502.225599,318
1430425502.247216,317
1430425502.261830,320
1430425502.277462,318
1430425502.291071,318
1430425502.305554,321
1430425502.320815,320
1430425502.336518,320
1430425502.350829,323
1430425502.365251,323
1430425502.379769,323
1430425502.395124,321
1430425502.411823,324
1430425502.426027,322
1430425502.444133,323
1430425502.459759,325
1430425502.473795,324
1430425502.488943,324
1430425502.503494,326
1430425502.517780,326
1430425502.533015,327
1430425502.549392,329
1430425502.563990,329
1430425502.579291,327
1430425502.594706,328
1430425502.613815,327
1430425502.629641,329
1430425502.645239,330
1430425502.660863,330
1430425502.676260,332
1430425502.693858,334
1430425502.708878,336
1430425502.724312,332
1430425502.740205,334
1430425502.757144,335
1430425502.773736,335
1430425502.789465,335
1430425502.802879,338
1430425502.820516,337
1430425502.836663,336
1430425502.851618,338
1430425502.866414,338
1430425502.881964,338
1430425502.896751,337
1430425502.912426,338
1430425502.927290,337
1430425502.945415,338
1430425502.960031,336
1430425502.974710,336
1430425502.990859,336
1430425503.005920,338
1430425503.020171,338
1430425503.034542,338
1430425503.048800,341
1430425503.063045,341
1430425503.078570,341
1430425503.094369,340
1430425503.111693,340
1430425503.126168,340
1430425503.141754,341
1430425503.156765,342
1430425503.171658,341
1430425503.187076,342
1430425503.201550,344
1430425503.216465,344
1430425503.231185,344
1430425503.246095,344
1430425503.261894,344
1430425503.276444,346
1430425503.291908,346
1430425503.306473,345
1430425503.321132,347
1430425503.337260,345
1430425503.352518,345
1430425503.367237,347
1430425503.381746,350
1430425503.397350,350
1430425503.412251,349
1430425503.427393,350
1430425503.442578,350
1430425503.458734,350
1430425503.474087,351
1430425503.490847,351
1430425503.506750,351
1430425503.522216,350
1430425503.538536,352
1430425503.553056,352
1430425503.568118,351
1430425503.582771,353
1430425503.597370,354
1430425503.611342,355
1430425503.628342,356
1430425503.642642,358
1430425503.657421,358
1430425503.672221,357
1430425503.686630,357
1430425503.701756,357
1430425503.716110,357
1430425503.731053,361
1430425503.745985,359
1430425503.760240,359
1430425503.774477,359
1430425503.789250,357
1430425503.803624,357
1430425503.818563,358
1430425503.838705,360
1430425503.852551,364
1430425503.870766,360
1430425503.886143,360
1430425503.901697,361
1430425503.916434,360
1430425503.934349,360
1430425503.949638,362
1430425503.965426,362
1430425503.979320,362
1430425503.994565,364
1430425504.010316,364
1430425504.025713,363
1430425504.040504,362
1430425504.056150,361
1430425504.070376,362
1430425504.085611,363
1430425504.100484,363
1430425504.117147,363
1430425504.131453,364
1430425504.146483,365
1430425504.161189,366
1430425504.175617,367
1430425504.190985,368
1430425504.206168,365
1430425504.219992,365
1430425504.234980,367
1430425504.249624,368
1430425504.264110,369
1430425504.279924,368
1430425504.295554,367
1430425504.309671,365
1430425504.323543,365
1430425504.340109,365
1430425504.354254,367
1430425504.368977,368
1430425504.383182,368
1430425504.397745,368
1430425504.412148,369
1430425504.427549,368
1430425504.441626,368
1430425504.456245,369
1430425504.470291,369
1430425504.483624,369
1430425504.499482,370
1430425504.515294,369
1430425504.530210,370
1430425504.545006,369
1430425504.559940,370
1430425504.574125,369
1430425504.589342,370
1430425504.603977,370
1430425504.618891,371
1430425504.633068,373
1430425504.647633,373
1430425504.661847,372
1430425504.676302,372
1430425504.690754,372
1430425504.705597,373
1430425504.720465,373
1430425504.735050,373
1430425504.749723,374
1430425504.766480,373
1430425504.785119,378
1430425504.800752,375
1430425504.816404,375
1430425504.831785,376
1430425504.850311,377
1430425504.866495,376
1430425504.883221,374
1430425504.899022,374
1430425504.914216,376
1430425504.932469,376
1430425504.950698,374
1430425504.965667,375
1430425504.980939,375
1430425504.996243,375
1430425505.010212,375
1430425505.025495,374
1430425505.039598,374
1430425505.053573,375
1430425505.067583,374
1430425505.082547,377
1430425505.097835,375
1430425505.112646,375
1430425505.127372,374
1430425505.143402,379
1430425505.158819,378
1430425505.174227,377
1430425505.189638,377
1430425505.204908,380
1430425505.219715,378
1430425505.236518,377
1430425505.253948,379
1430425505.268510,378
1430425505.284030,378
1430425505.299553,378
1430425505.316509,379
1430425505.331234,379
1430425505.348244,379
1430425505.362718,378
1430425505.379479,379
1430425505.394045,380
1430425505.409986,382
1430425505.426128,381
1430425505.440638,380
1430425505.456063,379
1430425505.471925,379
1430425505.488752,379
1430425505.502922,377
1430425505.517000,377
1430425505.532729,377
1430425505.548621,378
1430425505.564673,378
1430425505.579528,379
1430425505.595129,379
1430425505.609650,379
1430425505.624641,380
1430425505.639516,381
1430425505.654271,380
1430425505.668638,380
1430425505.682918,380
1430425505.699123,382
1430425505.713617,381
1430425505.728864,380
1430425505.745456,381
1430425505.762216,379
1430425505.778484,379
1430425505.793260,382
1430425505.808861,381
1430425505.824460,380
1430425505.843561,379
1430425505.858401,381
1430425505.872632,380
1430425505.887893,382
1430425505.902924,381
1430425505.917286,382
1430425505.932786,381
1430425505.947695,381
1430425505.962044,379
1430425505.976545,382
1430425505.994220,381
1430425506.008832,383
1430425506.024120,381
1430425506.039488,380
1430425506.054253,382
1430425506.068499,382
1430425506.084592,382
1430425506.100379,381
1430425506.116380,381
1430425506.132500,381
1430425506.149725,384
1430425506.164262,382
1430425506.179556,382
1430425506.196070,382
1430425506.212180,383
1430425506.226130,382
1430425506.241345,384
1430425506.257494,384
1430425506.272913,382
1430425506.288444,384
1430425506.302747,383
1430425506.318088,383
1430425506.333259,383
1430425506.349998,385
1430425506.365500,385
1430425506.380531,384
1430425506.396487,385
1430425506.410554,384
1430425506.426238,382
1430425506.440863,383
1430425506.456236,382
1430425506.470719,382
1430425506.486111,381
1430425506.500645,381
1430425506.515565,382
1430425506.537757,382
1430425506.553854,383
1430425506.569424,383
1430425506.583870,382
1430425506.599608,383
1430425506.613781,382
1430425506.628494,383
1430425506.643930,383
1430425506.658405,383
1430425506.672682,383
1430425506.688241,384
1430425506.703336,384
1430425506.718652,385
1430425506.733524,385
1430425506.748664,385
1430425506.762844,387
1430425506.778071,386
1430425506.794602,384
1430425506.809490,386
1430425506.825206,387
1430425506.840001,387
1430425506.855843,387
1430425506.870036,387
1430425506.884556,386
1430425506.899275,388
1430425506.914681,388
1430425506.930777,387
1430425506.946613,388
1430425506.960959,386
1430425506.975055,386
1430425506.989453,388
1430425507.003879,388
1430425507.017822,389
1430425507.032722,387
1430425507.047787,386
1430425507.062691,386
1430425507.077714,385
1430425507.092774,385
1430425507.109009,386
1430425507.123959,386
1430425507.138341,385
1430425507.152633,385
1430425507.169182,385
1430425507.184006,386
1430425507.200430,386
1430425507.215413,385
1430425507.229593,385
1430425507.243416,386
1430425507.259103,386
1430425507.275339,389
1430425507.289843,388
1430425507.304234,387
1430425507.321705,385
1430425507.336996,386
1430425507.354419,388
1430425507.369781,388
1430425507.385134,387
1430425507.399663,387
1430425507.414880,387
1430425507.429210,387
1430425507.442785,387
1430425507.456975,387
1430425507.470498,387
1430425507.484444,387
1430425507.499591,386
1430425507.514447,389
1430425507.530118,388
1430425507.544287,388
1430425507.559020,389
1430425507.573890,389
1430425507.589085,389
1430425507.603823,388
1430425507.618623,389
1430425507.633440,389
1430425507.648418,388
1430425507.662662,389
1430425507.677862,391
1430425507.692179,390
1430425507.706522,390
1430425507.722725,390
1430425507.738853,390
1430425507.752817,390
1430425507.767922,390
1430425507.782205,390
1430425507.796833,389
1430425507.810803,391
1430425507.825538,391
1430425507.840349,391
1430425507.856640,392
1430425507.873763,392
1430425507.889656,390
1430425507.906343,391
1430425507.922347,392
1430425507.939158,390
1430425507.955221,393
1430425507.970558,393
1430425507.986068,393
1430425508.003220,392
1430425508.018476,393
1430425508.034077,391
1430425508.048723,390
1430425508.063715,394
1430425508.078428,393
1430425508.093332,392
1430425508.108859,393
1430425508.125711,392
1430425508.141247,393
1430425508.156012,391
1430425508.171874,391
1430425508.186344,393
1430425508.200969,393
1430425508.215318,393
1430425508.230048,393
1430425508.245678,393
1430425508.260614,393
1430425508.276199,393
1430425508.291329,392
1430425508.306471,394
1430425508.321977,394
1430425508.337886,393
1430425508.352857,391
1430425508.368032,396
1430425508.382429,395
1430425508.396413,395
1430425508.412000,394
1430425508.426185,394
1430425508.440616,394
1430425508.454854,393
1430425508.469585,396
1430425508.485319,395
1430425508.499220,397
1430425508.513435,397
1430425508.528383,398
1430425508.542859,397
1430425508.558426,396
1430425508.573003,399
1430425508.588569,397
1430425508.603027,397
1430425508.618798,401
1430425508.633516,401
1430425508.648602,400
1430425508.665695,401
1430425508.679758,401
1430425508.695929,401
1430425508.710840,401
1430425508.726344,400
1430425508.741635,401
1430425508.757145,401
1430425508.772003,401
1430425508.786902,402
1430425508.802235,402
1430425508.816005,402
1430425508.830938,403
1430425508.846563,402
1430425508.861313,402
1430425508.875932,403
1430425508.891119,405
1430425508.908510,405
1430425508.923969,407
1430425508.939060,407
1430425508.953034,408
1430425508.971220,408
1430425508.986757,408
1430425509.001111,407
1430425509.015777,406
1430425509.029626,406
1430425509.044883,408
1430425509.060105,407
1430425509.075455,407
1430425509.091129,407
1430425509.105355,408
1430425509.119840,407
1430425509.135508,406
1430425509.149869,405
1430425509.164114,401
1430425509.179858,405
1430425509.193960,405
1430425509.209051,404
1430425509.222950,406
1430425509.238153,404
1430425509.252029,406
1430425509.267945,403
1430425509.282670,406
1430425509.298345,404
1430425509.313264,405
1430425509.328120,407
1430425509.343278,405
1430425509.359016,405
1430425509.374155,409
1430425509.389415,407
1430425509.403713,407
1430425509.419312,407
1430425509.433417,405
1430425509.448968,408
1430425509.463598,409
1430425509.478476,407
1430425509.495446,405
1430425509.510536,407
1430425509.525926,407
1430425509.540282,406
1430425509.555582,406
1430425509.571004,406
1430425509.586872,405
1430425509.601048,410
1430425509.616379,408
1430425509.630905,413
1430425509.645826,411
1430425509.661012,412
1430425509.676367,413
1430425509.694641,413
1430425509.708635,414
1430425509.725096,415
1430425509.742538,415
1430425509.758762,415
1430425509.773919,414
1430425509.789940,413
1430425509.805289,416
1430425509.820554,414
1430425509.836116,414
1430425509.858276,417
1430425509.873050,417
1430425509.888329,415
1430425509.903522,417
1430425509.919093,418
1430425509.934235,418
1430425509.948444,419
1430425509.963193,419
1430425509.979032,419
1430425509.993201,421
1430425510.007965,420
1430425510.023446,420
1430425510.040120,423
1430425510.055853,424
1430425510.070137,425
1430425510.083937,424
1430425510.098723,423
1430425510.114109,422
1430425510.128427,424
1430425510.143858,424
1430425510.158525,423
1430425510.173231,424
1430425510.188160,422
1430425510.203222,423
1430425510.218967,422
1430425510.233362,423
1430425510.249689,422
1430425510.264865,424
1430425510.279913,423
1430425510.294182,424
1430425510.308293,422
1430425510.324058,422
1430425510.339748,424
1430425510.354408,423
1430425510.369509,425
1430425510.385183,423
1430425510.399472,422
1430425510.417007,422
1430425510.432964,422
1430425510.448767,423
1430425510.463528,422
1430425510.478547,419
1430425510.495900,422
1430425510.512445,424
1430425510.528161,423
1430425510.543715,422
1430425510.559849,421
1430425510.580519,422
1430425510.601555,420
1430425510.617207,420
1430425510.631669,423
1430425510.646169,421
1430425510.660303,421
1430425510.675783,416
1430425510.691413,415
1430425510.706639,409
1430425510.721609,409
1430425510.736520,404
1430425510.751662,402
1430425510.767461,400
1430425510.786055,399
1430425510.800890,394
1430425510.816292,393
1430425510.833124,390
1430425510.849529,386
1430425510.863779,382
1430425510.881025,379
1430425510.895239,374
1430425510.909584,371
1430425510.924485,366
1430425510.939936,362
1430425510.955137,359
1430425510.970092,356
1430425510.987119,356
1430425511.002799,352
1430425511.019282,345
1430425511.033606,344
1430425511.048784,341
1430425511.063319,339
1430425511.077393,334
1430425511.091228,331
1430425511.105511,327
1430425511.119539,323
1430425511.134490,319
1430425511.148754,316
1430425511.162569,314
1430425511.177794,309
1430425511.192179,305
1430425511.206466,305
1430425511.221618,304
1430425511.236052,304
1430425511.252061,302
1430425511.267046,303
1430425511.284494,304
1430425511.299721,302
1430425511.314887,304
1430425511.330268,303
1430425511.346297,301
1430425511.363240,301
1430425511.378209,302
1430425511.394225,303
1430425511.413758,304
1430425511.433370,304
1430425511.458687,303
1430425511.474164,301
1430425511.488551,299
1430425511.503600,299
1430425511.518121,298
1430425511.533138,299
1430425511.548035,300
1430425511.562538,300
1430425511.578411,298
1430425511.592808,299
1430425511.607529,300
1430425511.622221,299
1430425511.639320,289
1430425511.654932,279
1430425511.669429,272
1430425511.683371,262
1430425511.699373,253
1430425511.714098,244
1430425511.728345,239
1430425511.742497,231
1430425511.760091,224
1430425511.775014,212
1430425511.790218,204
1430425511.805830,196
1430425511.819648,189
1430425511.834494,180
1430425511.850161,168
1430425511.866315,159
1430425511.880340,147
1430425511.895253,139
1430425511.909355,127
1430425511.925717,118
1430425511.940898,109
1430425511.955631,98
1430425511.972177,89
1430425511.989834,79
1430425512.004316,69
1430425512.019109,61
1430425512.036746,51
1430425512.050546,45
1430425512.065644,37
1430425512.080330,36
1430425512.095319,34
1430425512.109871,34
1430425512.126047,33
1430425512.141002,34
1430425512.156086,34
1430425512.170265,34
1430425512.185861,34
1430425512.200615,34
1430425512.215710,34
1430425512.232130,34
1430425512.246584,34
1430425512.261657,34
1430425512.276340,34
1430425512.291864,34
1430425512.308662,34
1430425512.325203,34
1430425512.339769,35
1430425512.356103,35
1430425512.371147,35
1430425512.385771,35
1430425512.400407,35
1430425512.415110,35
1430425512.430030,35
1430425512.444336,35
1430425512.458698,35
1430425512.472967,35
1430425512.489797,35
1430425512.504263,35
1430425512.520041,35
1430425512.535552,35
1430425512.549852,35
1430425512.565658,35
1430425512.580036,35
1430425512.594405,35
1430425512.609383,35
1430425512.625215,36
1430425512.646459,36
1430425512.662802,35
1430425512.678411,35
1430425512.693575,35
1430425512.708565,35
1430425512.725307,35
1430425512.739936,35
1430425512.755123,35
1430425512.769513,35
1430425512.783721,35
1430425512.798830,35
1430425512.812689,35
1430425512.827363,35
1430425512.841732,35
1430425512.856061,35
1430425512.871780,35
1430425512.887397,35
1430425512.901437,35
1430425512.917223,35
1430425512.931477,35
1430425512.949934,35
1430425512.965114,35
1430425512.979775,35
1430425512.996067,35
1430425513.011288,35
1430425513.026444,35
1430425513.040628,35
1430425513.058308,35
1430425513.073248,35
1430425513.087978,35
1430425513.102870,35
1430425513.116789,35
1430425513.132158,35
1430425513.146600,35
1430425513.160440,35
1430425513.174415,35
1430425513.190179,35
1430425513.204509,36
1430425513.218693,35
1430425513.233180,35
1430425513.249633,35
1430425513.264410,36
1430425513.279602,35
1430425513.297100,35
1430425513.311768,36
1430425513.326584,36
1430425513.342057,36
1430425513.357527,36
1430425513.371942,36
1430425513.387425,36
1430425513.402720,36
1430425513.417716,36
1430425513.434121,36
1430425513.449591,36
1430425513.464701,36
1430425513.479504,36
1430425513.495867,36
1430425513.514109,36
1430425513.528623,36
1430425513.545594,36
1430425513.559915,36
1430425513.574432,36
1430425513.589279,36
1430425513.603221,36
1430425513.618169,36
1430425513.633310,37
1430425513.647746,37
1430425513.662392,37
1430425513.679388,36
1430425513.695645,36
1430425513.710347,36
1430425513.724630,36
1430425513.739845,36
1430425513.753925,36
1430425513.769152,36
1430425513.782972,36
1430425513.799832,36
1430425513.815435,36
1430425513.830646,36
1430425513.846490,37
1430425513.861139,36
1430425513.878565,36
1430425513.892564,36
1430425513.908997,36
1430425513.923729,36
1430425513.940482,37
1430425513.955222,37
1430425513.970063,36
1430425513.984322,37
1430425513.999573,37
1430425514.014272,37
1430425514.029337,37
1430425514.043389,37
1430425514.058096,37
1430425514.074027,37
1430425514.088653,37
1430425514.103463,37
1430425514.119377,37
1430425514.133989,37
1430425514.149633,37
1430425514.164642,37
1430425514.180486,37
1430425514.195518,37
1430425514.210509,37
1430425514.225674,37
1430425514.240809,37
1430425514.255634,37
1430425514.271007,37
1430425514.285847,37
1430425514.299820,37
1430425514.314101,37
1430425514.328994,37
1430425514.343543,37
1430425514.358108,37
1430425514.373499,37
1430425514.388504,37
1430425514.402754,37
1430425514.417535,37
1430425514.432862,37
1430425514.447752,37
1430425514.464209,37
1430425514.479176,36
1430425514.494126,36
1430425514.511469,36
1430425514.526559,37
1430425514.542357,37
1430425514.556981,37
1430425514.571529,37
1430425514.586760,37
1430425514.601210,37
1430425514.616098,37
1430425514.630268,38
1430425514.644334,38
1430425514.659757,38
1430425514.674728,37
1430425514.690028,37
1430425514.704274,37
1430425514.718361,36
1430425514.732922,37
1430425514.747696,37
1430425514.762714,37
1430425514.777520,37
1430425514.792958,37
1430425514.807772,37
1430425514.823084,37
1430425514.847263,36
1430425514.861884,37
1430425514.876422,37
1430425514.892500,37
1430425514.908181,37
1430425514.923129,37
1430425514.941765,37
1430425514.957898,37
1430425514.972695,37
1430425514.986662,37
1430425515.001142,36
1430425515.016296,36
1430425515.031280,37
1430425515.046030,37
1430425515.060502,36
1430425515.075468,37
1430425515.090551,37
1430425515.106438,37
1430425515.122112,37
1430425515.137599,37
1430425515.152924,37
1430425515.168130,37
1430425515.182898,37
1430425515.199462,37
1430425515.216443,37
1430425515.231045,37
1430425515.246044,37
1430425515.260309,37
1430425515.274516,37
1430425515.289659,37
1430425515.303580,37
1430425515.318112,37
1430425515.332754,37
1430425515.347257,37
1430425515.362265,37
1430425515.377077,37
1430425515.391482,37
1430425515.406649,37
1430425515.420919,37
1430425515.436299,37
1430425515.450752,37
1430425515.465842,37
1430425515.479950,37
1430425515.494399,37
1430425515.508654,36
1430425515.523707,37
1430425515.539887,37
1430425515.554344,37
1430425515.568888,37
1430425515.583673,37
1430425515.600549,37
1430425515.615722,37
1430425515.630827,38
1430425515.645273,37
1430425515.660634,38
1430425515.675184,37
1430425515.691443,37
1430425515.707072,37
1430425515.722248,37
1430425515.739117,37
1430425515.754648,37
1430425515.770076,37
1430425515.785773,37
1430425515.800270,37
1430425515.815128,37
1430425515.831867,37
1430425515.848270,37
1430425515.862997,37
1430425515.878984,37
1430425515.895177,37
1430425515.910280,37
1430425515.926098,37
1430425515.941296,37
1430425515.955522,37
1430425515.970638,37
1430425515.986077,37
1430425516.000411,37
1430425516.016092,37
1430425516.030855,38
1430425516.058752,37
1430425516.072698,37
1430425516.088685,37
1430425516.102969,37
1430425516.117259,37
1430425516.132576,37
1430425516.151006,37
1430425516.165296,37
1430425516.179879,36
1430425516.195535,37
1430425516.211215,37
1430425516.226028,37
1430425516.240564,37
1430425516.255719,37
1430425516.270317,37
1430425516.285494,37
1430425516.299879,36
1430425516.315039,37
1430425516.331034,36
1430425516.346702,37
1430425516.365257,37
1430425516.381034,37
1430425516.395696,37
1430425516.410575,37
1430425516.425824,37
1430425516.440441,37
1430425516.454262,37
1430425516.470125,37
1430425516.485656,37
1430425516.501307,37
1430425516.517124,37
1430425516.532397,37
1430425516.548941,37
1430425516.563992,37
1430425516.580467,37
1430425516.595782,37
1430425516.611162,37
1430425516.625797,38
1430425516.645306,38
1430425516.659231,38
1430425516.675634,38
1430425516.690517,37
1430425516.704413,37
1430425516.719883,37
1430425516.735747,37
1430425516.750299,37
1430425516.765405,38
1430425516.779414,38
1430425516.793665,38
1430425516.811534,38
1430425516.826009,38
1430425516.842645,38
1430425516.858295,38
1430425516.875840,37
1430425516.890220,37
1430425516.905479,37
1430425516.920158,37
1430425516.936184,37
1430425516.951633,38
1430425516.966451,38
1430425516.981479,38
1430425516.997508,38
1430425517.012246,38
1430425517.027657,38
1430425517.042543,38
1430425517.058208,38
1430425517.077662,37
1430425517.091796,37
1430425517.106551,38
1430425517.121120,37
1430425517.135471,37
1430425517.150271,37
1430425517.166887,38
1430425517.181409,38
1430425517.196926,38
1430425517.212585,38
1430425517.227361,38
1430425517.241767,38
1430425517.256145,38
1430425517.270745,38
1430425517.285391,38
1430425517.301090,38
1430425517.316523,38
1430425517.330852,38
1430425517.346548,38
1430425517.361915,38
1430425517.378416,38
1430425517.396161,38
1430425517.411191,38
1430425517.428063,37
1430425517.442740,37
1430425517.458299,37
1430425517.475181,38
1430425517.490676,38
1430425517.506121,38
1430425517.520458,38
1430425517.536422,37
1430425517.552326,38
1430425517.566731,38
1430425517.582198,38
1430425517.597901,38
1430425517.612260,38
1430425517.626445,39
1430425517.641807,39
1430425517.656270,39
1430425517.671164,39
1430425517.686538,38
1430425517.701784,38
1430425517.715882,38
1430425517.731602,38
1430425517.746307,37
1430425517.761598,38
1430425517.777113,38
1430425517.795297,38
1430425517.809795,38
1430425517.824631,38
1430425517.839451,38
1430425517.855010,38
1430425517.869950,37
1430425517.885449,37
1430425517.900331,37
1430425517.914469,37
1430425517.929658,38
1430425517.943628,37
1430425517.958292,37
1430425517.972285,37
1430425517.985972,37
1430425518.000375,37
1430425518.014258,37
1430425518.028455,37
1430425518.042686,37
1430425518.057451,37
1430425518.073067,37
1430425518.088258,37
1430425518.103224,37
1430425518.117466,38
1430425518.131866,38
1430425518.148345,38
1430425518.164696,38
1430425518.179732,38
1430425518.194009,38
1430425518.209601,38
1430425518.224361,38
1430425518.238983,38
1430425518.253345,38
1430425518.269226,38
1430425518.283221,38
1430425518.297825,38
1430425518.312158,38
1430425518.326591,38
1430425518.341272,38
1430425518.355388,38
1430425518.369805,38
1430425518.387848,38
1430425518.403752,38
1430425518.420197,38
1430425518.434905,38
1430425518.452634,37
1430425518.468999,38
1430425518.483538,38
1430425518.498169,38
1430425518.513833,37
1430425518.529457,37
1430425518.543706,38
1430425518.568968,37
1430425518.583052,37
1430425518.598878,38
1430425518.614102,38
1430425518.630072,39
1430425518.643776,39
1430425518.659569,39
1430425518.675492,38
1430425518.690647,38
1430425518.705525,38
1430425518.719986,38
1430425518.735604,39
1430425518.751235,39
1430425518.766425,39
1430425518.780763,39
1430425518.795476,39
1430425518.810129,39
1430425518.825209,39
1430425518.839861,39
1430425518.855422,38
1430425518.869543,39
1430425518.886536,39
1430425518.901502,39
1430425518.917005,39
1430425518.933651,39
1430425518.948771,39
1430425518.964703,38
1430425518.978895,39
1430425518.994377,39
1430425519.009201,39
1430425519.023589,39
1430425519.038635,39
1430425519.053256,39
1430425519.068725,39
1430425519.083644,38
1430425519.099348,39
1430425519.113836,39
1430425519.128906,39
1430425519.143089,39
1430425519.158011,39
1430425519.172348,38
1430425519.187022,38
1430425519.202094,38
1430425519.216603,39
1430425519.231565,38
1430425519.248443,38
1430425519.263771,39
1430425519.277637,39
1430425519.291896,39
1430425519.306092,38
1430425519.321873,39
1430425519.337832,39
1430425519.352138,38
1430425519.367576,39
1430425519.382444,39
1430425519.397143,39
1430425519.411973,39
1430425519.426728,39
1430425519.442478,38
1430425519.459524,39
1430425519.475983,39
1430425519.490566,39
1430425519.506080,39
1430425519.521270,39
1430425519.535587,39
1430425519.551389,39
1430425519.566152,39
1430425519.580224,39
1430425519.595572,39
1430425519.610447,39
1430425519.625240,39
1430425519.639502,40
1430425519.653712,40
1430425519.669122,40
1430425519.683595,39
1430425519.698738,39
1430425519.713642,39
1430425519.728308,39
1430425519.742485,39
1430425519.757115,39
1430425519.772042,39
1430425519.785930,39
1430425519.801090,40
1430425519.815536,40
1430425519.831484,40
1430425519.845566,40
1430425519.861337,39
1430425519.875731,40
1430425519.890847,40
1430425519.911872,40
1430425519.926675,40
1430425519.941316,40
1430425519.960374,40
1430425519.974429,40
1430425519.989770,39
1430425520.003967,40
1430425520.017961,40
1430425520.032396,40
1430425520.046297,40
1430425520.061093,40
1430425520.076705,40
1430425520.091635,40
1430425520.107538,40
1430425520.122102,40
1430425520.137444,40
1430425520.152560,40
1430425520.167916,40
1430425520.182512,40
1430425520.196718,40
1430425520.211847,40
1430425520.226893,40
1430425520.241569,40
1430425520.256526,40
1430425520.270813,39
1430425520.285646,40
1430425520.300833,40
1430425520.316126,40
1430425520.330765,40
1430425520.345806,40
1430425520.360266,40
1430425520.374982,40
1430425520.389500,40
1430425520.403576,40
1430425520.419080,40
1430425520.433879,40
1430425520.449048,40
1430425520.463383,40
1430425520.477777,40
1430425520.492252,40
1430425520.506989,40
1430425520.521957,40
1430425520.537870,40
1430425520.552546,40
1430425520.567099,40
1430425520.582432,39
1430425520.599004,40
1430425520.613549,40
1430425520.628186,40
1430425520.642732,41
1430425520.657596,41
1430425520.672002,41
1430425520.686327,40
1430425520.702304,40
1430425520.718578,40
1430425520.733125,40
1430425520.748470,40
1430425520.762642,41
1430425520.778105,41
1430425520.793136,41
1430425520.809365,41
1430425520.827005,41
1430425520.841649,41
1430425520.857166,41
1430425520.871949,40
1430425520.886251,28
1430425520.901831,17
1430425520.917427,6
1430425520.932099,0
1430425520.947688,0
1430425520.962339,1
1430425520.976650,0
1430425520.991766,0
1430425521.008783,0
1430425521.023724,0
1430425521.039024,0
1430425521.057032,0
1430425521.073741,0
1430425521.089463,0
1430425521.104896,0
1430425521.119001,0
1430425521.133214,0
1430425521.149018,0
1430425521.164855,0
1430425521.179598,0
1430425521.194894,0
1430425521.209134,0
1430425521.223423,0
1430425521.239747,0
1430425521.253769,0
1430425521.271559,0
1430425521.288213,0
1430425521.302274,0
1430425521.317337,0
1430425521.332744,0
1430425521.348325,0
1430425521.362621,0
1430425521.376979,0
1430425521.391544,0
1430425521.409042,0
1430425521.423164,0
1430425521.437515,0
1430425521.451729,0
1430425521.466947,0
1430425521.481429,0
1430425521.495719,0
1430425521.510087,0
1430425521.524196,0
1430425521.540081,0
1430425521.557449,0
1430425521.573806,0
1430425521.589258,0
1430425521.603903,0
1430425521.619127,0
1430425521.633200,1
1430425521.648738,0
