1430425635.944904,0
1430425635.959224,0
1430425635.974060,8
1430425635.990781,2
1430425636.005305,10
1430425636.020075,9
1430425636.035047,10
1430425636.050376,10
1430425636.065911,10
1430425636.080479,10
1430425636.095343,10
1430425636.111114,10
1430425636.126195,10
1430425636.140290,10
1430425636.154082,10
1430425636.169074,10
1430425636.184044,10
1430425636.199666,9
1430425636.214646,10
1430425636.229993,9
1430425636.245175,10
1430425636.260186,9
1430425636.277520,9
1430425636.291606,9
1430425636.307614,9
1430425636.322266,8
1430425636.337807,8
1430425636.352093,9
1430425636.367378,8
1430425636.382439,10
1430425636.396922,9
1430425636.411160,9
1430425636.426606,9
1430425636.442101,9
1430425636.457799,9
1430425636.472197,9
1430425636.487933,9
1430425636.502732,9
1430425636.517887,9
1430425636.532003,10
1430425636.546736,9
1430425636.561473,9
1430425636.577055,9
1430425636.595628,10
1430425636.612157,10
1430425636.626703,10
1430425636.642088,10
1430425636.657543,10
1430425636.671492,10
1430425636.687483,10
1430425636.702372,10
1430425636.718108,10
1430425636.733623,10
1430425636.748985,10
1430425636.765197,9
1430425636.780039,10
1430425636.795981,10
1430425636.810606,10
1430425636.826738,10
1430425636.841150,10
1430425636.857408,10
1430425636.871872,10
1430425636.887250,10
1430425636.902428,10
1430425636.919027,10
1430425636.934251,10
1430425636.948501,11
1430425636.963268,10
1430425636.977737,10
1430425636.992160,10
1430425637.007840,10
1430425637.022654,9
1430425637.037350,9
1430425637.051717,10
1430425637.067089,10
1430425637.081122,9
1430425637.097639,10
1430425637.113182,9
1430425637.128095,10
1430425637.142469,9
1430425637.156887,9
1430425637.172362,9
1430425637.187294,10
1430425637.202490,9
1430425637.217322,9
1430425637.232266,9
1430425637.248722,9
1430425637.264257,9
1430425637.279027,9
1430425637.292809,8
1430425637.309045,9
1430425637.323419,9
1430425637.341941,9
1430425637.357362,9
1430425637.371636,9
1430425637.389107,10
1430425637.403152,10
1430425637.418120,9
1430425637.432488,10
1430425637.448078,10
1430425637.462333,10
1430425637.478187,10
1430425637.493464,9
1430425637.511065,9
1430425637.525872,9
1430425637.540575,10
1430425637.555390,9
1430425637.569874,9
1430425637.585055,9
1430425637.599148,10
1430425637.613413,10
1430425637.628274,10
1430425637.643366,10
1430425637.657813,10
1430425637.672490,10
1430425637.687031,10
1430425637.701365,10
1430425637.716461,10
1430425637.731407,10
1430425637.747359,10
1430425637.762567,10
1430425637.777781,10
1430425637.792711,10
1430425637.808744,10
1430425637.823021,9
1430425637.840108,9
1430425637.854334,9
1430425637.868862,9
1430425637.884626,9
1430425637.900237,9
1430425637.916305,9
1430425637.930812,9
1430425637.945375,9
1430425637.959535,10
1430425637.974147,9
1430425637.989004,9
1430425638.004139,9
1430425638.018257,9
1430425638.033720,7
1430425638.048743,8
1430425638.064131,8
1430425638.083908,10
1430425638.100705,8
1430425638.116171,9
1430425638.131009,9
1430425638.146112,9
1430425638.160597,9
1430425638.176204,9
1430425638.191758,8
1430425638.207176,9
1430425638.221458,9
1430425638.236552,9
1430425638.251117,9
1430425638.266119,10
1430425638.281033,9
1430425638.297396,9
1430425638.311716,9
1430425638.328572,9
1430425638.343213,10
1430425638.358582,9
1430425638.376385,9
1430425638.390666,9
1430425638.405558,9
1430425638.420942,9
1430425638.435888,9
1430425638.450227,9
1430425638.465518,9
1430425638.479552,9
1430425638.493478,10
1430425638.509458,10
1430425638.524413,10
1430425638.540796,10
1430425638.557860,10
1430425638.572199,10
1430425638.587210,9
1430425638.604514,10
1430425638.618982,10
1430425638.633653,10
1430425638.648614,10
1430425638.662659,10
1430425638.677517,10
1430425638.692109,9
1430425638.706758,10
1430425638.721424,10
1430425638.737685,10
1430425638.753336,10
1430425638.768471,10
1430425638.784921,11
1430425638.799919,10
1430425638.814375,10
1430425638.834886,10
1430425638.851581,10
1430425638.871998,9
1430425638.888404,10
1430425638.902952,10
1430425638.917811,10
1430425638.932206,9
1430425638.947969,9
1430425638.962568,9
1430425638.976601,9
1430425638.991595,9
1430425639.007921,9
1430425639.022818,9
1430425639.037442,9
1430425639.051917,9
1430425639.066863,9
1430425639.081180,9
1430425639.096255,9
1430425639.110477,9
1430425639.125541,9
1430425639.139628,9
1430425639.154422,9
1430425639.169531,9
1430425639.184611,9
1430425639.198999,9
1430425639.213277,9
1430425639.228553,9
1430425639.243713,9
1430425639.259210,9
1430425639.273611,9
1430425639.290402,9
1430425639.304245,9
1430425639.318535,9
1430425639.332551,9
1430425639.348414,9
1430425639.362187,9
1430425639.377619,9
1430425639.392047,9
1430425639.406561,9
1430425639.420828,9
1430425639.436957,8
1430425639.451625,9
1430425639.466667,10
1430425639.480884,9
1430425639.500480,10
1430425639.515692,10
1430425639.531190,10
1430425639.545902,10
1430425639.560333,10
1430425639.576416,9
1430425639.590547,10
1430425639.605089,10
1430425639.620628,10
1430425639.635771,10
1430425639.650365,10
1430425639.665980,10
1430425639.680892,10
1430425639.695909,10
1430425639.710306,10
1430425639.725340,10
1430425639.739940,9
1430425639.755318,10
1430425639.770355,10
1430425639.786798,10
1430425639.800871,10
1430425639.816059,8
1430425639.832868,9
1430425639.847819,9
1430425639.862049,9
1430425639.876428,9
1430425639.891765,9
1430425639.906277,9
1430425639.920672,8
1430425639.935835,10
1430425639.950205,10
1430425639.966650,10
1430425639.981535,9
1430425639.996963,10
1430425640.011481,10
1430425640.026525,10
1430425640.041626,9
1430425640.058094,10
1430425640.072872,10
1430425640.088704,10
1430425640.103011,9
1430425640.117914,9
1430425640.133304,10
1430425640.153844,10
1430425640.169421,10
1430425640.183803,10
1430425640.198373,10
1430425640.212412,9
1430425640.227946,9
1430425640.241693,10
1430425640.256014,10
1430425640.270711,9
1430425640.285419,10
1430425640.300359,9
1430425640.314667,10
1430425640.329092,10
1430425640.344562,10
1430425640.358802,9
1430425640.373177,10
1430425640.386752,9
1430425640.400713,10
1430425640.414425,9
1430425640.430068,10
1430425640.444582,10
1430425640.461647,10
1430425640.477286,10
1430425640.493234,10
1430425640.508521,9
1430425640.523830,10
1430425640.539005,10
1430425640.553467,10
1430425640.568089,10
1430425640.584376,10
1430425640.599087,10
1430425640.616128,10
1430425640.631815,10
1430425640.649652,10
1430425640.664451,8
1430425640.680163,10
1430425640.696773,10
1430425640.710784,10
1430425640.726100,9
1430425640.740628,10
1430425640.756046,10
1430425640.770941,10
1430425640.786780,10
1430425640.800865,10
1430425640.817921,10
1430425640.832353,10
1430425640.849610,10
1430425640.864590,9
1430425640.879492,9
1430425640.894521,9
1430425640.916291,9
1430425640.931539,10
1430425640.945813,10
1430425640.960997,11
1430425640.977269,10
1430425640.991122,10
1430425641.010938,10
1430425641.025752,10
1430425641.041631,10
1430425641.057447,10
1430425641.071663,10
1430425641.088955,10
1430425641.103259,10
1430425641.118665,10
1430425641.135329,9
1430425641.149917,9
1430425641.165416,10
1430425641.179254,10
1430425641.195621,10
1430425641.211901,10
1430425641.226378,10
1430425641.240580,10
1430425641.254522,10
1430425641.270189,9
1430425641.286324,10
1430425641.300469,10
1430425641.316617,10
1430425641.331220,10
1430425641.347112,9
1430425641.361732,10
1430425641.376583,10
1430425641.391352,10
1430425641.407516,10
1430425641.421989,10
1430425641.436707,10
1430425641.451123,10
1430425641.467189,9
1430425641.481522,9
1430425641.495732,8
1430425641.510663,8
1430425641.526606,8
1430425641.540728,8
1430425641.555606,9
1430425641.569596,9
1430425641.585652,9
1430425641.602293,9
1430425641.617061,8
1430425641.632381,9
1430425641.646850,9
1430425641.661328,9
1430425641.679695,9
1430425641.695337,9
1430425641.710692,9
1430425641.726191,9
1430425641.741704,9
1430425641.757294,8
1430425641.772905,9
1430425641.789020,9
1430425641.804345,8
1430425641.818931,8
1430425641.838238,8
1430425641.853171,10
1430425641.867816,10
1430425641.882977,10
1430425641.898008,10
1430425641.912283,10
1430425641.926186,10
1430425641.941254,10
1430425641.956140,11
1430425641.971140,10
1430425641.986627,10
1430425642.003079,10
1430425642.017285,10
1430425642.031897,10
1430425642.046939,10
1430425642.061499,10
1430425642.077267,10
1430425642.092083,10
1430425642.106768,10
1430425642.121254,10
1430425642.137706,10
1430425642.151860,10
1430425642.166983,10
1430425642.181020,10
1430425642.196511,10
1430425642.211298,10
1430425642.226232,10
1430425642.240261,10
1430425642.254465,10
1430425642.270520,10
1430425642.284687,10
1430425642.301506,10
1430425642.317331,10
1430425642.332554,10
1430425642.347204,10
1430425642.361771,10
1430425642.377055,10
1430425642.392060,9
1430425642.407144,8
1430425642.421427,9
1430425642.437851,9
1430425642.453335,9
1430425642.467838,9
1430425642.482538,8
1430425642.498422,8
1430425642.513250,9
1430425642.528270,9
1430425642.542539,9
1430425642.557278,9
1430425642.571477,9
1430425642.586104,9
1430425642.604462,9
1430425642.619931,9
1430425642.633770,9
1430425642.649605,9
1430425642.665432,9
1430425642.679963,10
1430425642.694524,9
1430425642.709106,10
1430425642.727049,10
1430425642.741834,10
1430425642.756656,10
1430425642.774463,9
1430425642.788932,9
1430425642.803890,9
1430425642.818273,10
1430425642.832493,10
1430425642.847176,10
1430425642.861947,10
1430425642.876256,9
1430425642.891515,10
1430425642.908223,10
1430425642.923253,10
1430425642.940176,10
1430425642.955296,10
1430425642.970337,11
1430425642.986089,10
1430425643.004578,10
1430425643.020046,10
1430425643.035154,10
1430425643.049337,10
1430425643.063599,10
1430425643.078134,10
1430425643.093256,10
1430425643.107672,10
1430425643.122205,10
1430425643.137246,10
1430425643.151693,10
1430425643.166037,10
1430425643.180910,10
1430425643.196891,10
1430425643.211759,10
1430425643.226980,9
1430425643.240617,10
1430425643.256972,10
1430425643.271494,10
1430425643.287225,10
1430425643.302814,9
1430425643.318250,9
1430425643.334288,10
1430425643.351307,10
1430425643.366431,10
1430425643.380876,10
1430425643.401825,8
1430425643.421587,8
1430425643.437325,8
1430425643.451564,9
1430425643.465961,9
1430425643.480212,9
1430425643.495686,9
1430425643.510354,9
1430425643.525781,9
1430425643.540703,9
1430425643.556095,9
1430425643.572313,9
1430425643.587155,10
1430425643.602807,10
1430425643.617060,10
1430425643.631529,10
1430425643.650650,10
1430425643.666203,10
1430425643.682106,10
1430425643.698722,10
1430425643.713699,10
1430425643.727795,10
1430425643.745682,10
1430425643.760669,10
1430425643.776676,10
1430425643.794398,10
1430425643.809484,10
1430425643.824177,10
1430425643.840398,10
1430425643.855745,11
1430425643.870544,11
1430425643.885629,11
1430425643.900111,11
1430425643.914892,11
1430425643.929115,11
1430425643.943773,11
1430425643.959191,12
1430425643.974308,11
1430425643.988793,11
1430425644.002961,11
1430425644.017894,10
1430425644.031930,11
1430425644.048937,11
1430425644.063435,11
1430425644.078637,10
1430425644.093208,11
1430425644.107243,11
1430425644.121827,11
1430425644.136503,10
1430425644.150644,11
1430425644.165695,11
1430425644.179963,11
1430425644.194951,11
1430425644.209604,11
1430425644.223244,11
1430425644.238845,11
1430425644.252514,11
1430425644.267640,11
1430425644.282370,11
1430425644.297955,10
1430425644.313259,11
1430425644.328588,11
1430425644.346554,11
1430425644.361085,10
1430425644.376853,9
1430425644.391509,8
1430425644.405902,8
1430425644.420141,9
1430425644.437496,9
1430425644.452805,9
1430425644.466705,8
1430425644.482957,8
1430425644.497606,8
1430425644.512436,8
1430425644.527498,9
1430425644.542398,8
1430425644.556727,9
1430425644.571594,9
1430425644.587341,10
1430425644.601986,10
1430425644.616765,10
1430425644.631114,10
1430425644.645641,10
1430425644.660698,10
1430425644.675738,10
1430425644.691520,10
1430425644.706964,10
1430425644.721598,10
1430425644.735820,10
1430425644.750692,10
1430425644.765844,10
1430425644.779747,10
1430425644.794033,10
1430425644.808499,10
1430425644.823171,10
1430425644.837819,10
1430425644.853222,10
1430425644.867322,9
1430425644.881832,10
1430425644.896738,10
1430425644.911182,10
1430425644.926126,9
1430425644.940389,10
1430425644.955229,10
1430425644.969036,11
1430425644.983953,10
1430425644.998544,10
1430425645.013587,10
1430425645.028783,10
1430425645.043875,10
1430425645.060293,10
1430425645.075535,10
1430425645.090358,9
1430425645.106214,10
1430425645.122170,10
1430425645.141506,10
1430425645.158046,10
1430425645.172406,10
1430425645.187702,9
1430425645.202464,9
1430425645.219679,9
1430425645.236429,9
1430425645.254149,10
1430425645.269657,10
1430425645.284119,10
1430425645.300664,10
1430425645.314838,10
1430425645.329440,10
1430425645.343697,9
1430425645.358585,10
1430425645.373633,10
1430425645.388538,10
1430425645.403400,10
1430425645.418346,10
1430425645.432407,10
1430425645.447311,10
1430425645.461300,10
1430425645.476506,10
1430425645.493527,10
1430425645.508431,10
1430425645.522759,10
1430425645.538303,9
1430425645.554272,10
1430425645.569597,10
1430425645.584113,10
1430425645.599663,10
1430425645.615716,10
1430425645.630657,10
1430425645.646615,9
1430425645.660662,9
1430425645.676535,9
1430425645.694070,9
1430425645.708969,10
1430425645.723130,10
1430425645.737997,10
1430425645.753358,10
1430425645.768181,10
1430425645.782924,10
1430425645.797325,9
1430425645.811872,10
1430425645.829305,10
1430425645.844961,10
1430425645.860195,10
1430425645.876893,10
1430425645.891056,10
1430425645.907005,10
1430425645.926595,10
1430425645.942356,10
1430425645.957382,10
1430425645.971083,12
1430425645.987476,15
1430425646.001695,19
1430425646.017107,27
1430425646.031027,36
1430425646.046452,38
1430425646.060330,40
1430425646.077025,33
1430425646.091223,32
1430425646.109647,28
1430425646.125376,24
1430425646.140110,23
1430425646.156858,18
1430425646.171645,12
1430425646.191128,10
1430425646.210153,10
1430425646.224667,7
1430425646.239585,11
1430425646.257786,9
1430425646.272429,9
1430425646.288289,9
1430425646.302770,11
1430425646.317401,8
1430425646.331593,10
1430425646.346139,10
1430425646.360780,9
1430425646.377211,12
1430425646.391445,12
1430425646.410332,13
1430425646.425746,11
1430425646.439772,12
1430425646.453591,10
1430425646.468779,13
1430425646.483536,10
1430425646.497947,11
1430425646.513274,14
1430425646.527858,14
1430425646.542302,15
1430425646.557044,13
1430425646.571890,13
1430425646.586607,15
1430425646.604098,16
1430425646.620124,14
1430425646.634137,14
1430425646.649915,15
1430425646.665202,17
1430425646.679412,15
1430425646.694409,17
1430425646.708455,15
1430425646.722715,16
1430425646.736875,16
1430425646.751472,17
1430425646.766748,17
1430425646.780769,18
1430425646.796393,19
1430425646.811607,17
1430425646.826800,16
1430425646.841558,17
1430425646.855771,18
1430425646.871126,18
1430425646.885574,17
1430425646.900020,18
1430425646.916503,20
1430425646.930891,20
1430425646.946724,21
1430425646.961080,20
1430425646.975657,21
1430425646.990003,21
1430425647.006336,21
1430425647.020930,22
1430425647.036655,21
1430425647.050929,17
1430425647.066299,12
1430425647.081656,10
1430425647.097309,11
1430425647.111716,11
1430425647.126579,13
1430425647.141064,13
1430425647.155401,11
1430425647.171486,14
1430425647.187298,11
1430425647.201733,11
1430425647.216825,13
1430425647.231590,12
1430425647.246472,12
1430425647.261387,12
1430425647.277188,14
1430425647.291431,14
1430425647.306887,14
1430425647.321851,13
1430425647.336127,13
1430425647.350747,15
1430425647.364700,14
1430425647.380984,14
1430425647.396316,14
1430425647.411447,15
1430425647.426805,17
1430425647.441129,17
1430425647.456029,17
1430425647.470249,18
1430425647.485809,16
1430425647.499932,18
1430425647.514279,17
1430425647.532710,16
1430425647.549039,19
1430425647.563218,19
1430425647.578006,19
1430425647.591985,18
1430425647.607147,19
1430425647.621397,17
1430425647.638752,19
1430425647.654340,20
1430425647.670383,17
1430425647.686801,19
1430425647.701552,19
1430425647.717505,20
1430425647.731838,20
1430425647.746532,20
1430425647.760643,22
1430425647.775746,19
1430425647.790130,13
1430425647.806152,11
1430425647.821386,9
1430425647.835644,12
1430425647.849904,11
1430425647.864067,10
1430425647.878551,12
1430425647.893705,11
1430425647.908464,11
1430425647.923553,13
1430425647.938005,11
1430425647.952412,11
1430425647.968149,11
1430425647.982181,10
1430425647.996934,11
1430425648.011828,14
1430425648.026718,12
1430425648.041423,12
1430425648.056617,13
1430425648.070725,14
1430425648.086158,11
1430425648.100343,13
1430425648.115974,12
1430425648.130459,14
1430425648.145164,14
1430425648.165014,17
1430425648.179198,15
1430425648.193387,15
1430425648.207980,14
1430425648.224077,15
1430425648.239210,17
1430425648.254305,15
1430425648.268338,16
1430425648.282411,18
1430425648.297054,15
1430425648.311974,16
1430425648.327673,17
1430425648.342383,17
1430425648.358632,18
1430425648.372768,19
1430425648.387785,18
1430425648.401555,21
1430425648.416370,19
1430425648.430402,19
1430425648.445118,19
1430425648.459378,19
1430425648.475172,18
1430425648.490133,20
1430425648.504998,20
1430425648.519315,20
1430425648.533580,22
1430425648.548049,19
1430425648.563480,18
1430425648.580707,15
1430425648.597785,13
1430425648.612039,14
1430425648.627217,15
1430425648.641416,16
1430425648.656183,13
1430425648.670992,13
1430425648.685838,13
1430425648.700471,17
1430425648.716109,15
1430425648.730534,17
1430425648.745138,17
1430425648.760092,14
1430425648.775377,16
1430425648.789136,15
1430425648.804403,17
1430425648.819318,17
1430425648.833702,18
1430425648.849330,20
1430425648.865701,17
1430425648.879963,17
1430425648.894507,17
1430425648.909046,17
1430425648.922719,18
1430425648.937256,16
1430425648.952027,18
1430425648.966903,19
1430425648.981498,18
1430425648.997014,19
1430425649.011927,17
1430425649.027714,19
1430425649.043026,19
1430425649.058252,19
1430425649.072446,19
1430425649.088304,20
1430425649.102424,20
1430425649.117183,21
1430425649.131640,20
1430425649.150914,21
1430425649.166341,14
1430425649.180312,13
1430425649.195325,12
1430425649.209436,12
1430425649.224007,14
1430425649.239581,14
1430425649.254505,13
1430425649.269366,13
1430425649.284929,13
1430425649.299365,14
1430425649.313611,13
1430425649.327937,13
1430425649.341564,15
1430425649.356840,14
1430425649.371108,16
1430425649.386209,14
1430425649.400244,16
1430425649.415925,16
1430425649.430481,17
1430425649.445549,17
1430425649.460716,16
1430425649.477099,15
1430425649.491573,17
1430425649.506347,18
1430425649.520131,18
1430425649.537428,21
1430425649.555831,18
1430425649.570982,18
1430425649.586481,17
1430425649.601688,18
1430425649.617288,18
1430425649.631648,18
1430425649.646869,19
1430425649.660999,18
1430425649.675996,18
1430425649.690977,20
1430425649.706199,20
1430425649.721391,22
1430425649.736254,20
1430425649.750217,20
1430425649.764369,21
1430425649.778431,21
1430425649.792534,19
1430425649.807807,15
1430425649.823137,13
1430425649.839022,13
1430425649.853744,12
1430425649.869362,14
1430425649.883504,15
1430425649.898116,14
1430425649.913353,12
1430425649.928115,14
1430425649.942530,14
1430425649.957643,14
1430425649.971811,14
1430425649.986423,15
1430425650.000888,13
1430425650.015389,15
1430425650.029570,15
1430425650.044459,17
1430425650.059652,17
1430425650.075689,16
1430425650.090956,17
1430425650.107138,16
1430425650.121656,17
1430425650.136783,17
1430425650.150780,18
1430425650.165378,17
1430425650.180555,18
1430425650.195397,17
1430425650.209799,18
1430425650.224465,18
1430425650.238198,18
1430425650.252884,19
1430425650.270753,20
1430425650.285443,17
1430425650.300170,18
1430425650.316370,19
1430425650.330663,20
1430425650.345041,19
1430425650.360176,19
1430425650.375868,21
1430425650.390486,20
1430425650.405498,22
1430425650.419690,20
1430425650.434120,16
1430425650.448937,12
1430425650.463584,12
1430425650.479192,15
1430425650.495256,16
1430425650.509778,14
1430425650.524983,13
1430425650.539007,13
1430425650.553146,14
1430425650.567979,13
1430425650.582979,13
1430425650.598885,15
1430425650.613075,12
1430425650.628587,14
1430425650.642855,15
1430425650.657634,16
1430425650.671687,18
1430425650.686407,16
1430425650.700643,16
1430425650.714914,16
1430425650.729735,17
1430425650.744322,18
1430425650.759779,17
1430425650.774138,15
1430425650.789488,18
1430425650.803674,17
1430425650.817796,18
1430425650.832609,18
1430425650.848142,17
1430425650.862681,18
1430425650.878888,17
1430425650.895357,18
1430425650.909692,18
1430425650.924146,18
1430425650.938353,18
1430425650.953075,19
1430425650.968503,20
1430425650.983639,21
1430425650.998919,20
1430425651.014471,22
1430425651.029703,21
1430425651.044608,21
1430425651.058527,21
1430425651.073106,19
1430425651.089164,15
1430425651.103580,13
1430425651.118836,12
1430425651.134312,15
1430425651.148865,16
1430425651.164355,15
1430425651.179747,14
1430425651.194662,16
1430425651.208969,14
1430425651.226720,12
1430425651.240633,13
1430425651.255761,14
1430425651.271482,14
1430425651.287826,13
1430425651.302727,14
1430425651.316801,15
1430425651.333567,18
1430425651.348635,18
1430425651.363692,17
1430425651.378692,16
1430425651.393369,18
1430425651.408024,18
1430425651.422711,16
1430425651.437759,17
1430425651.451871,17
1430425651.467157,18
1430425651.482016,18
1430425651.497833,17
1430425651.512477,18
1430425651.526964,18
1430425651.541084,18
1430425651.556410,17
1430425651.570848,17
1430425651.586127,18
1430425651.600616,21
1430425651.615243,19
1430425651.629977,22
1430425651.643988,22
1430425651.658342,19
1430425651.673027,16
1430425651.687230,15
1430425651.702522,10
1430425651.716924,10
1430425651.731344,10
1430425651.746003,9
1430425651.760241,9
1430425651.774970,10
1430425651.789958,9
1430425651.804135,9
1430425651.820152,10
1430425651.834408,9
1430425651.850397,10
1430425651.864966,10
1430425651.879530,11
1430425651.894543,11
1430425651.909595,12
1430425651.925346,14
1430425651.939926,12
1430425651.955109,13
1430425651.969379,14
1430425651.983597,13
1430425651.999437,12
1430425652.016317,13
1430425652.031727,16
1430425652.046288,14
1430425652.061421,13
1430425652.076184,13
1430425652.090233,13
1430425652.104215,15
1430425652.118776,16
1430425652.133092,16
1430425652.147624,17
1430425652.162286,16
1430425652.178014,16
1430425652.192717,17
1430425652.207866,16
1430425652.222264,18
1430425652.236647,18
1430425652.250778,18
1430425652.265319,17
1430425652.279961,18
1430425652.295603,18
1430425652.309619,18
1430425652.323522,19
1430425652.340655,22
1430425652.355816,19
1430425652.371468,19
1430425652.386010,20
1430425652.400753,20
1430425652.415940,21
1430425652.430952,21
1430425652.444901,20
1430425652.459412,18
1430425652.476079,14
1430425652.491296,17
1430425652.506448,16
1430425652.521218,18
1430425652.536446,17
1430425652.551055,21
1430425652.567734,19
1430425652.582530,18
1430425652.597714,18
1430425652.612287,19
1430425652.627146,20
1430425652.641363,19
1430425652.656962,18
1430425652.670949,19
1430425652.688081,23
1430425652.703001,19
1430425652.717614,19
1430425652.732131,21
1430425652.748384,17
1430425652.765531,13
1430425652.779941,12
1430425652.794360,12
1430425652.809612,14
1430425652.823486,14
1430425652.839150,13
1430425652.853598,12
1430425652.868654,12
1430425652.883506,15
1430425652.897817,15
1430425652.912996,14
1430425652.928410,14
1430425652.943361,13
1430425652.958142,13
1430425652.972279,15
1430425652.987386,15
1430425653.002129,19
1430425653.017031,16
1430425653.031245,17
1430425653.045566,17
1430425653.060890,19
1430425653.075795,17
1430425653.093010,19
1430425653.108282,17
1430425653.123352,17
1430425653.137867,18
1430425653.152880,19
1430425653.167916,18
1430425653.182295,17
1430425653.196361,16
1430425653.210547,18
1430425653.227276,21
1430425653.241730,18
1430425653.257844,20
1430425653.272835,16
1430425653.290362,19
1430425653.305807,20
1430425653.321080,21
1430425653.337233,20
1430425653.351770,22
1430425653.366532,20
1430425653.381169,19
1430425653.396270,15
1430425653.410567,14
1430425653.426321,12
1430425653.440061,14
1430425653.454086,15
1430425653.470107,12
1430425653.485518,14
1430425653.500345,14
1430425653.514897,14
1430425653.529937,12
1430425653.544142,14
1430425653.559260,14
1430425653.573861,15
1430425653.588479,12
1430425653.603129,14
1430425653.617755,13
1430425653.632709,15
1430425653.647358,16
1430425653.662116,16
1430425653.677604,16
1430425653.691560,16
1430425653.705843,16
1430425653.720718,16
1430425653.735402,16
1430425653.750392,15
1430425653.765151,17
1430425653.780309,18
1430425653.796788,19
1430425653.811195,17
1430425653.826655,17
1430425653.840576,19
1430425653.855875,17
1430425653.870132,17
1430425653.884147,18
1430425653.899381,18
1430425653.913931,20
1430425653.928686,21
1430425653.942975,22
1430425653.957922,19
1430425653.972036,21
1430425653.987751,20
1430425654.002855,13
1430425654.017723,13
1430425654.032031,11
1430425654.046462,13
1430425654.060504,15
1430425654.076136,14
1430425654.091667,16
1430425654.106106,14
1430425654.120442,15
1430425654.134241,13
1430425654.149729,17
1430425654.164878,14
1430425654.179191,12
1430425654.194570,14
1430425654.209584,15
1430425654.223729,16
1430425654.239370,17
1430425654.255685,16
1430425654.270690,19
1430425654.286507,18
1430425654.300801,17
1430425654.315767,18
1430425654.330257,19
1430425654.344580,16
1430425654.360434,18
1430425654.375353,18
1430425654.390824,17
1430425654.405499,17
1430425654.422426,17
1430425654.437410,18
1430425654.451649,19
1430425654.468598,18
1430425654.484636,18
1430425654.499712,20
1430425654.513872,18
1430425654.528337,17
1430425654.542359,20
1430425654.558061,20
1430425654.572423,20
1430425654.587657,20
1430425654.602835,22
1430425654.617526,22
1430425654.631656,20
1430425654.647101,19
1430425654.661755,15
1430425654.677346,12
1430425654.692939,13
1430425654.708427,14
1430425654.722743,14
1430425654.738368,16
1430425654.752744,14
1430425654.768272,13
1430425654.782952,15
1430425654.797455,15
1430425654.811888,13
1430425654.826853,15
1430425654.841087,15
1430425654.856936,15
1430425654.871181,15
1430425654.887680,17
1430425654.901599,16
1430425654.916280,16
1430425654.930277,16
1430425654.944721,16
1430425654.959523,17
1430425654.973924,18
1430425654.988683,18
1430425655.002931,17
1430425655.018714,16
1430425655.032780,18
1430425655.047955,18
1430425655.062467,18
1430425655.077780,18
1430425655.092095,18
1430425655.107878,19
1430425655.122842,20
1430425655.137380,17
1430425655.151568,18
1430425655.167031,20
1430425655.181498,20
1430425655.196279,19
1430425655.210731,20
1430425655.226208,20
1430425655.240858,22
1430425655.255821,21
1430425655.272143,20
1430425655.288091,20
1430425655.303240,15
1430425655.318358,11
1430425655.332799,12
1430425655.348590,14
1430425655.362686,14
1430425655.380699,16
1430425655.399690,13
1430425655.414490,15
1430425655.430154,16
1430425655.444626,15
1430425655.459360,14
1430425655.473461,14
1430425655.488905,12
1430425655.504208,13
1430425655.519785,16
1430425655.536881,18
1430425655.551988,16
1430425655.567425,18
1430425655.586220,17
1430425655.600189,16
1430425655.615463,15
1430425655.630003,19
1430425655.644997,17
1430425655.660078,17
1430425655.675895,18
1430425655.691591,18
1430425655.706845,18
1430425655.720946,19
1430425655.736004,18
1430425655.751094,18
1430425655.765995,18
1430425655.780040,18
1430425655.794270,17
1430425655.809072,18
1430425655.823396,18
1430425655.840040,17
1430425655.854560,19
1430425655.869299,20
1430425655.885933,21
1430425655.900830,21
1430425655.916032,21
1430425655.931012,22
1430425655.945908,23
1430425655.960013,20
1430425655.974659,15
1430425655.989471,12
1430425656.005554,13
1430425656.020715,15
1430425656.035435,13
1430425656.049567,16
1430425656.063716,15
1430425656.078405,15
1430425656.096559,15
1430425656.111822,15
1430425656.127691,16
1430425656.142825,14
1430425656.158146,15
1430425656.173339,16
1430425656.187630,17
1430425656.201765,18
1430425656.217040,16
1430425656.231893,17
1430425656.246622,17
1430425656.262274,17
1430425656.277618,17
1430425656.292721,19
1430425656.308747,17
1430425656.322913,18
1430425656.337700,16
1430425656.351939,18
1430425656.368416,19
1430425656.382975,18
1430425656.397258,20
1430425656.411239,19
1430425656.427263,18
1430425656.441117,20
1430425656.456804,18
1430425656.471975,19
1430425656.486644,20
1430425656.500476,20
1430425656.515384,19
1430425656.530814,22
1430425656.546065,20
1430425656.560241,21
1430425656.576286,20
1430425656.590313,18
1430425656.605301,12
1430425656.619602,11
1430425656.637498,13
1430425656.655769,10
1430425656.670588,12
1430425656.685581,12
1430425656.700490,13
1430425656.716920,12
1430425656.732805,13
1430425656.747212,13
1430425656.761619,13
1430425656.777228,12
1430425656.791713,13
1430425656.806901,13
1430425656.821478,14
1430425656.840029,14
1430425656.856250,13
1430425656.870223,16
1430425656.886029,13
1430425656.902270,13
1430425656.916561,14
1430425656.931795,15
1430425656.946738,13
1430425656.961710,16
1430425656.977581,17
1430425656.992811,15
1430425657.006940,17
1430425657.022055,17
1430425657.038147,16
1430425657.052389,18
1430425657.067057,18
1430425657.081317,17
1430425657.095944,18
1430425657.111012,18
1430425657.126118,19
1430425657.140153,17
1430425657.154230,18
1430425657.169215,17
1430425657.184300,17
1430425657.199222,19
1430425657.213948,20
1430425657.228119,21
1430425657.243382,20
1430425657.257236,21
1430425657.272124,22
1430425657.287250,21
1430425657.302175,20
1430425657.317059,14
1430425657.330964,12
1430425657.345771,11
1430425657.361201,12
1430425657.375901,13
1430425657.390486,14
1430425657.406301,13
1430425657.420487,14
1430425657.437522,14
1430425657.451968,14
1430425657.467691,14
1430425657.486494,15
1430425657.502486,14
1430425657.518871,17
1430425657.533897,15
1430425657.548912,17
1430425657.565272,16
1430425657.579429,17
1430425657.595562,19
1430425657.609800,19
1430425657.625459,16
1430425657.640524,17
1430425657.654849,17
1430425657.669249,17
1430425657.683264,17
1430425657.699397,18
1430425657.714408,17
1430425657.728743,19
1430425657.742511,19
1430425657.758865,20
1430425657.773990,17
1430425657.789208,17
1430425657.803214,17
1430425657.817631,19
1430425657.834139,19
1430425657.848145,19
1430425657.862393,23
1430425657.878132,19
1430425657.892551,20
1430425657.906976,20
1430425657.922241,17
1430425657.938339,11
1430425657.952736,12
1430425657.967714,12
1430425657.982374,17
1430425657.996985,14
1430425658.011004,14
1430425658.026098,14
1430425658.039978,14
1430425658.055703,13
1430425658.069750,14
1430425658.084414,14
1430425658.100478,13
1430425658.115078,13
1430425658.130746,14
1430425658.145200,15
1430425658.159844,16
1430425658.175172,16
1430425658.189360,16
1430425658.204154,17
1430425658.219151,17
1430425658.233855,15
1430425658.248273,17
1430425658.262710,16
1430425658.278191,17
1430425658.292626,17
1430425658.307292,19
1430425658.321379,19
1430425658.338398,19
1430425658.353276,19
1430425658.369674,18
1430425658.384240,18
1430425658.398559,17
1430425658.412673,19
1430425658.427614,18
1430425658.442268,19
1430425658.457102,19
1430425658.471579,20
1430425658.486085,20
1430425658.501739,20
1430425658.516327,20
1430425658.531443,22
1430425658.546063,20
1430425658.561102,19
1430425658.576257,13
1430425658.590056,13
1430425658.608345,11
1430425658.624277,15
1430425658.638545,16
1430425658.653825,14
1430425658.668674,14
1430425658.683219,14
1430425658.698843,13
1430425658.714177,13
1430425658.729066,14
1430425658.744051,14
1430425658.759686,13
1430425658.776239,13
1430425658.790471,16
1430425658.806359,15
1430425658.820803,17
1430425658.835850,17
1430425658.850329,17
1430425658.864883,18
1430425658.881082,16
1430425658.896403,16
1430425658.910885,16
1430425658.925208,16
1430425658.940450,18
1430425658.955591,19
1430425658.970195,19
1430425658.985353,19
1430425658.999631,19
1430425659.013683,17
1430425659.028903,17
1430425659.043194,19
1430425659.057894,17
1430425659.074148,19
1430425659.089691,18
1430425659.105810,21
1430425659.120074,21
1430425659.136185,19
1430425659.150926,20
1430425659.165806,20
1430425659.180339,16
1430425659.194509,17
1430425659.209693,13
1430425659.224152,12
1430425659.239665,14
1430425659.255015,15
1430425659.269009,14
1430425659.285058,13
1430425659.300204,13
1430425659.314932,14
1430425659.328858,15
1430425659.342919,13
1430425659.356988,14
1430425659.371830,13
1430425659.386692,13
1430425659.402034,15
1430425659.417367,15
1430425659.431194,16
1430425659.446782,17
1430425659.460626,16
1430425659.475444,16
1430425659.489576,16
1430425659.504551,16
1430425659.519988,17
1430425659.535100,17
1430425659.549611,18
1430425659.564213,18
1430425659.578163,18
1430425659.592430,17
1430425659.607159,17
1430425659.622420,17
1430425659.637156,19
1430425659.651396,19
1430425659.666206,19
1430425659.680439,20
1430425659.696110,18
1430425659.710861,20
1430425659.726403,19
1430425659.741492,20
1430425659.756639,20
1430425659.770591,20
1430425659.784781,19
1430425659.799512,16
1430425659.814974,14
1430425659.830442,9
1430425659.844549,10
1430425659.860685,10
1430425659.875256,11
1430425659.889664,11
1430425659.903811,11
1430425659.918015,12
1430425659.932523,12
1430425659.949544,13
1430425659.964342,11
1430425659.978506,13
1430425659.993796,13
1430425660.008500,13
1430425660.023432,16
1430425660.039723,14
1430425660.055609,15
1430425660.069984,13
1430425660.085805,15
1430425660.100855,16
1430425660.116286,16
1430425660.130739,15
1430425660.145670,16
1430425660.160122,17
1430425660.175492,16
1430425660.190359,17
1430425660.205428,17
1430425660.219452,15
1430425660.234155,16
1430425660.248551,17
1430425660.263788,16
1430425660.278624,18
1430425660.293719,18
1430425660.307935,18
1430425660.322776,19
1430425660.338155,19
1430425660.353365,18
1430425660.368153,19
1430425660.383076,18
1430425660.397514,21
1430425660.412525,19
1430425660.427410,19
1430425660.442724,20
1430425660.458646,17
1430425660.473432,15
1430425660.488772,15
1430425660.504141,16
1430425660.517900,17
1430425660.532194,16
1430425660.547360,17
1430425660.562643,16
1430425660.577747,18
1430425660.592018,16
1430425660.610098,17
1430425660.626299,15
1430425660.641347,19
1430425660.656448,18
1430425660.674064,18
1430425660.689822,20
1430425660.703895,20
1430425660.718853,20
1430425660.733004,20
1430425660.748005,19
1430425660.766972,21
1430425660.781212,19
1430425660.799769,21
1430425660.814973,22
1430425660.829864,19
1430425660.844410,16
1430425660.859240,15
1430425660.876686,12
1430425660.892658,15
1430425660.907998,16
1430425660.922600,16
1430425660.937580,16
1430425660.952408,15
1430425660.966922,14
1430425660.981485,16
1430425660.999363,15
1430425661.014370,18
1430425661.028405,15
1430425661.042425,18
1430425661.059061,17
1430425661.073766,17
1430425661.089269,17
1430425661.104124,16
1430425661.118040,17
1430425661.132628,18
1430425661.147960,17
1430425661.162402,17
1430425661.176885,17
1430425661.192341,17
1430425661.207411,17
1430425661.221482,17
1430425661.236602,18
1430425661.250340,17
1430425661.264394,17
1430425661.278653,20
1430425661.293577,19
1430425661.307919,20
1430425661.322810,18
1430425661.337712,19
1430425661.352316,17
1430425661.366669,19
1430425661.381332,20
1430425661.398871,21
1430425661.413221,23
1430425661.427341,21
1430425661.441416,20
1430425661.456254,15
1430425661.471113,14
1430425661.486718,13
1430425661.501737,14
1430425661.516358,17
1430425661.530654,15
1430425661.545212,15
1430425661.560042,17
1430425661.575527,16
1430425661.590611,15
1430425661.604726,17
1430425661.620326,16
1430425661.634680,16
1430425661.649306,16
1430425661.663795,16
1430425661.678923,17
1430425661.694409,17
1430425661.708758,18
1430425661.724679,18
1430425661.738991,16
1430425661.754299,19
1430425661.769944,18
1430425661.785724,17
1430425661.800603,19
1430425661.815716,19
1430425661.833230,18
1430425661.848311,17
1430425661.865822,19
1430425661.881779,21
1430425661.899305,21
1430425661.913281,18
1430425661.927867,19
1430425661.942561,21
1430425661.959889,15
1430425661.974580,16
1430425661.990756,18
1430425662.005741,15
1430425662.020272,16
1430425662.037158,15
1430425662.052871,18
1430425662.067752,17
1430425662.092295,20
1430425662.106753,18
1430425662.121068,18
1430425662.136953,19
1430425662.155689,20
1430425662.170294,18
1430425662.186063,19
1430425662.200152,17
1430425662.215871,19
1430425662.230698,16
1430425662.245291,18
1430425662.263192,23
1430425662.277980,18
1430425662.292681,22
1430425662.307209,20
1430425662.321727,17
1430425662.336157,14
1430425662.350456,14
1430425662.366098,12
1430425662.380674,13
1430425662.396274,14
1430425662.410936,14
1430425662.425573,14
1430425662.440149,14
1430425662.455425,14
1430425662.470289,15
1430425662.486308,15
1430425662.500539,14
1430425662.515391,15
1430425662.529484,15
1430425662.544728,17
1430425662.559236,15
1430425662.573625,15
1430425662.587579,16
1430425662.601559,18
1430425662.616066,15
1430425662.630959,15
1430425662.656425,15
1430425662.676123,16
1430425662.694501,16
1430425662.731312,17
1430425662.748736,18
1430425662.763090,17
1430425662.782198,19
1430425662.796693,19
1430425662.811815,19
1430425662.827930,18
1430425662.843680,19
1430425662.858125,20
1430425662.872405,23
1430425662.887331,22
1430425662.901673,20
1430425662.917360,20
1430425662.931962,16
1430425662.946002,11
1430425662.961198,11
1430425662.977093,6
1430425662.991861,9
1430425663.006254,9
1430425663.020986,10
1430425663.036229,10
1430425663.050232,11
1430425663.064873,10
1430425663.079846,8
1430425663.094923,8
1430425663.109228,8
1430425663.125634,9
1430425663.140895,10
1430425663.154813,10
1430425663.169621,11
1430425663.184031,12
1430425663.199080,11
1430425663.214012,11
1430425663.228941,11
1430425663.243785,11
1430425663.258663,13
1430425663.272523,15
1430425663.287513,14
1430425663.302634,14
1430425663.317879,14
1430425663.331955,13
1430425663.346595,13
1430425663.362043,16
1430425663.377186,13
1430425663.391210,16
1430425663.405609,14
1430425663.420078,16
1430425663.435807,15
1430425663.451664,14
1430425663.466353,16
1430425663.480430,16
1430425663.497146,16
1430425663.511821,16
1430425663.527023,18
1430425663.549969,18
1430425663.567254,17
1430425663.581921,19
1430425663.596923,19
1430425663.611735,20
1430425663.626927,20
1430425663.641590,19
1430425663.655530,20
1430425663.675599,17
1430425663.690504,20
1430425663.704482,18
1430425663.718713,18
1430425663.733639,20
1430425663.749187,20
1430425663.764869,21
1430425663.779910,22
1430425663.804149,20
1430425663.820302,17
1430425663.836406,14
1430425663.851953,9
1430425663.866931,11
1430425663.880915,12
1430425663.895942,13
1430425663.909803,11
1430425663.926112,13
1430425663.940720,13
1430425663.955574,13
1430425663.970947,13
1430425663.986100,12
1430425664.000906,12
1430425664.016154,13
1430425664.030944,14
1430425664.046714,14
1430425664.062709,14
1430425664.078822,15
1430425664.095692,15
1430425664.110680,15
1430425664.126631,14
1430425664.141344,14
1430425664.156190,15
1430425664.171733,14
1430425664.186188,14
1430425664.200606,14
1430425664.217673,16
1430425664.231991,15
1430425664.247450,18
1430425664.261510,17
1430425664.276066,16
1430425664.291016,17
1430425664.305804,16
1430425664.320865,16
1430425664.337157,18
1430425664.351424,19
1430425664.368014,18
1430425664.383328,19
1430425664.399906,19
1430425664.416608,18
1430425664.431050,18
1430425664.452406,19
1430425664.468362,19
1430425664.484258,20
1430425664.501144,23
1430425664.515437,19
1430425664.530792,20
1430425664.545326,21
1430425664.561174,19
1430425664.575347,18
1430425664.589716,14
1430425664.604170,14
1430425664.618193,14
1430425664.632895,16
1430425664.648832,16
1430425664.662787,17
1430425664.678948,16
1430425664.693685,16
1430425664.711049,17
1430425664.726264,15
1430425664.741749,18
1430425664.755752,16
1430425664.771135,18
1430425664.789805,19
1430425664.803848,17
1430425664.818712,15
1430425664.834242,18
1430425664.848940,18
1430425664.863988,18
1430425664.879899,16
1430425664.895390,18
1430425664.909844,19
1430425664.926057,19
1430425664.940910,18
1430425664.956388,18
1430425664.971809,19
1430425664.986162,20
1430425665.001105,21
1430425665.017484,20
1430425665.031824,20
1430425665.046101,22
1430425665.060307,20
1430425665.075618,21
1430425665.090249,18
1430425665.104968,14
1430425665.119477,11
1430425665.134163,12
1430425665.150096,14
1430425665.165761,15
1430425665.180673,14
1430425665.196045,15
1430425665.210994,15
1430425665.225724,14
1430425665.241017,14
1430425665.257310,16
1430425665.272318,15
1430425665.288316,16
1430425665.302271,16
1430425665.316778,16
1430425665.332194,14
1430425665.347918,16
1430425665.362988,18
1430425665.377883,16
1430425665.392588,15
1430425665.407039,16
1430425665.422172,15
1430425665.436609,15
1430425665.451912,16
1430425665.466590,14
1430425665.480429,17
1430425665.494560,18
1430425665.509939,19
1430425665.526113,19
1430425665.541073,18
1430425665.555827,20
1430425665.571247,20
1430425665.586300,18
1430425665.600735,19
1430425665.615341,21
1430425665.630732,20
1430425665.646746,21
1430425665.662107,19
1430425665.676036,20
1430425665.691853,22
1430425665.708112,19
1430425665.722488,20
1430425665.736832,20
1430425665.752043,21
1430425665.768147,20
1430425665.787847,20
1430425665.803767,20
1430425665.819450,18
1430425665.837698,18
1430425665.852313,13
1430425665.867416,10
1430425665.881325,11
1430425665.896625,12
1430425665.911119,12
1430425665.927547,11
1430425665.942797,13
1430425665.958011,13
1430425665.973473,13
1430425665.987867,12
1430425666.004005,12
1430425666.019555,15
1430425666.035706,16
1430425666.049502,15
1430425666.066470,13
1430425666.080862,16
1430425666.095325,14
1430425666.111338,15
1430425666.126486,13
1430425666.140882,14
1430425666.156481,7
1430425666.170292,4
1430425666.185276,5
1430425666.199435,5
1430425666.213510,4
1430425666.230233,6
1430425666.244142,6
1430425666.259626,4
1430425666.274630,6
1430425666.289696,6
1430425666.304891,4
1430425666.320189,6
1430425666.334970,4
1430425666.349117,6
1430425666.363139,6
1430425666.377204,5
1430425666.391254,5
1430425666.406588,6
1430425666.421026,6
1430425666.435991,4
1430425666.449744,7
1430425666.464518,6
1430425666.478908,6
1430425666.493769,6
1430425666.508431,6
1430425666.525176,6
1430425666.540063,7
1430425666.556331,7
1430425666.571467,7
1430425666.587323,7
1430425666.601235,7
1430425666.616024,7
1430425666.630124,6
1430425666.645169,8
1430425666.660242,8
1430425666.676471,6
1430425666.691265,8
1430425666.705709,7
1430425666.720097,8
1430425666.734355,8
1430425666.750904,9
1430425666.766138,8
1430425666.780974,8
1430425666.796406,8
1430425666.810952,7
1430425666.825799,8
1430425666.847173,6
1430425666.865399,9
1430425666.880456,8
1430425666.896745,8
1430425666.911640,8
1430425666.927830,8
1430425666.943455,8
1430425666.961304,8
1430425666.976059,9
1430425666.990275,9
1430425667.006707,9
1430425667.020465,9
1430425667.040443,9
1430425667.056182,10
1430425667.070793,9
1430425667.086111,9
1430425667.100926,9
1430425667.115500,9
1430425667.129780,10
1430425667.150472,10
1430425667.166669,10
1430425667.180611,10
1430425667.198367,8
1430425667.213424,9
1430425667.228573,9
1430425667.242921,9
1430425667.258118,9
1430425667.272895,9
1430425667.287709,9
1430425667.302587,9
1430425667.316813,9
1430425667.330936,9
1430425667.345567,9
1430425667.359826,9
1430425667.374300,9
1430425667.389372,9
1430425667.403938,9
1430425667.418741,9
1430425667.433268,9
1430425667.450343,9
1430425667.465880,9
1430425667.480212,9
1430425667.495638,9
1430425667.509738,9
1430425667.525471,9
1430425667.539493,9
1430425667.553315,9
1430425667.567959,9
1430425667.582252,9
1430425667.598121,9
1430425667.613858,9
1430425667.628083,9
1430425667.642572,9
1430425667.657644,9
1430425667.672120,9
1430425667.687600,9
1430425667.703072,9
1430425667.717362,9
1430425667.732471,9
1430425667.746355,9
1430425667.765590,8
1430425667.782573,9
1430425667.797185,9
1430425667.811421,9
1430425667.828052,9
1430425667.843514,9
1430425667.857533,9
1430425667.872339,9
1430425667.888833,9
1430425667.903218,9
1430425667.918567,9
1430425667.933684,9
1430425667.954240,9
1430425667.969388,10
1430425667.984042,10
1430425667.997751,10
1430425668.012285,9
1430425668.026860,9
1430425668.040833,9
1430425668.056304,10
1430425668.071369,10
1430425668.086061,9
1430425668.101209,9
1430425668.119141,9
1430425668.133808,9
1430425668.149176,9
1430425668.163119,9
1430425668.177935,9
1430425668.195138,10
1430425668.213529,10
1430425668.228658,11
1430425668.243581,11
1430425668.258354,11
1430425668.277873,11
1430425668.292939,11
1430425668.309537,11
1430425668.324662,10
1430425668.340480,11
1430425668.355717,11
1430425668.370321,11
1430425668.385290,11
1430425668.399707,11
1430425668.415736,11
1430425668.435681,11
1430425668.451144,10
1430425668.466935,11
1430425668.484004,11
1430425668.498964,11
1430425668.515175,11
1430425668.529175,11
1430425668.545349,11
1430425668.561534,11
1430425668.577231,11
1430425668.591905,11
1430425668.607486,11
1430425668.623116,10
1430425668.639461,11
1430425668.655327,11
1430425668.670059,10
1430425668.689387,10
1430425668.710577,9
1430425668.728408,10
1430425668.743937,10
1430425668.760353,10
1430425668.776837,10
1430425668.791694,11
1430425668.807418,10
1430425668.821477,10
1430425668.839209,11
1430425668.853869,10
1430425668.868608,8
1430425668.884495,9
1430425668.898866,9
1430425668.913240,9
1430425668.927363,9
1430425668.941762,9
1430425668.958219,10
1430425668.972185,9
1430425668.987746,10
1430425669.002568,10
1430425669.018100,10
1430425669.036078,10
1430425669.050438,10
1430425669.066103,9
1430425669.080716,10
1430425669.097261,10
1430425669.111917,10
1430425669.126742,10
1430425669.141107,10
1430425669.158196,10
1430425669.174691,10
1430425669.189389,10
1430425669.203894,10
1430425669.219900,9
1430425669.238909,10
1430425669.253737,9
1430425669.267918,10
1430425669.282488,10
1430425669.297194,9
1430425669.312736,10
1430425669.327705,10
1430425669.342556,10
1430425669.357070,10
1430425669.371085,9
1430425669.385755,9
1430425669.400587,10
1430425669.415436,10
1430425669.429785,10
1430425669.444343,10
1430425669.458653,10
1430425669.473181,10
1430425669.489506,10
1430425669.505728,10
1430425669.519825,10
1430425669.534126,10
1430425669.548542,10
1430425669.563528,10
1430425669.578201,9
1430425669.593028,9
1430425669.609173,10
1430425669.625410,10
1430425669.639718,10
1430425669.655245,10
1430425669.669601,8
1430425669.684037,7
1430425669.699473,9
1430425669.714614,9
1430425669.731918,9
1430425669.747261,9
1430425669.761211,9
1430425669.775855,8
1430425669.790720,8
1430425669.805503,9
1430425669.820136,9
1430425669.838484,9
1430425669.855220,9
1430425669.869760,9
1430425669.885575,9
1430425669.900685,9
1430425669.915047,9
1430425669.929796,9
1430425669.945180,9
1430425669.965016,9
1430425669.981157,9
1430425669.996481,11
1430425670.010782,10
1430425670.026025,10
1430425670.040410,10
1430425670.054641,10
1430425670.069973,10
1430425670.085681,10
1430425670.100294,9
1430425670.115058,10
1430425670.130377,9
1430425670.145144,10
1430425670.160558,10
1430425670.176311,10
1430425670.190715,10
1430425670.205494,10
1430425670.221109,10
1430425670.235710,10
1430425670.250591,9
1430425670.266140,10
1430425670.281487,10
1430425670.296419,10
1430425670.310807,10
1430425670.325268,10
1430425670.339855,10
1430425670.353684,10
1430425670.368132,10
1430425670.382629,9
1430425670.398443,10
1430425670.413925,10
1430425670.429013,10
1430425670.444526,9
1430425670.460063,10
1430425670.475759,10
1430425670.491819,10
1430425670.506519,10
1430425670.520721,10
1430425670.534964,10
1430425670.548962,10
1430425670.563902,10
1430425670.579476,10
1430425670.595590,10
1430425670.609745,10
1430425670.625883,10
1430425670.642109,9
1430425670.657904,8
1430425670.673322,9
1430425670.688125,9
1430425670.703054,9
1430425670.718436,9
1430425670.732805,10
1430425670.750167,9
1430425670.765272,9
1430425670.779619,9
1430425670.795172,9
1430425670.813087,9
1430425670.828769,9
1430425670.843378,9
1430425670.858594,9
1430425670.874541,10
1430425670.889085,9
1430425670.903549,9
1430425670.918019,9
1430425670.933211,10
1430425670.949134,9
1430425670.965586,8
1430425670.980436,9
1430425670.995375,10
1430425671.009881,9
1430425671.024627,9
1430425671.039729,9
1430425671.054254,9
1430425671.070170,9
1430425671.084355,9
1430425671.099609,9
1430425671.114124,10
1430425671.129572,9
1430425671.143410,9
1430425671.157869,10
1430425671.172188,9
1430425671.186790,10
1430425671.201149,9
1430425671.216545,9
1430425671.231173,9
1430425671.247202,9
1430425671.261430,9
1430425671.276259,9
1430425671.290648,9
1430425671.306013,9
1430425671.320803,10
1430425671.336320,9
1430425671.351270,10
1430425671.368092,9
1430425671.384034,8
1430425671.400544,9
1430425671.417623,9
1430425671.436238,9
1430425671.450297,9
1430425671.466014,9
1430425671.480055,9
1430425671.494260,8
1430425671.509730,9
1430425671.524431,9
1430425671.539043,9
1430425671.555457,9
1430425671.569601,9
1430425671.583938,10
1430425671.599673,8
1430425671.614047,9
1430425671.628446,9
1430425671.643330,8
1430425671.657586,9
1430425671.673264,9
1430425671.688327,9
1430425671.708259,9
1430425671.726873,9
1430425671.740708,10
1430425671.756959,10
1430425671.771673,10
1430425671.786026,10
1430425671.800574,10
1430425671.818174,10
1430425671.834260,10
1430425671.849229,10
1430425671.864082,10
1430425671.883800,9
1430425671.898406,10
1430425671.914152,10
1430425671.928715,10
1430425671.944730,10
1430425671.960028,10
1430425671.976565,10
1430425671.991340,11
1430425672.008235,10
1430425672.022642,10
1430425672.037659,10
1430425672.052206,10
1430425672.067638,10
1430425672.082118,10
1430425672.096997,10
1430425672.112150,10
1430425672.127185,10
1430425672.141746,10
1430425672.155988,10
1430425672.171039,10
1430425672.186238,10
1430425672.200214,10
1430425672.215309,10
1430425672.229080,10
1430425672.243799,10
1430425672.259015,10
1430425672.274079,10
1430425672.290083,9
1430425672.305368,9
1430425672.320077,9
1430425672.335418,9
1430425672.350705,9
1430425672.365068,9
1430425672.379170,9
1430425672.393323,10
1430425672.408155,9
1430425672.422833,9
1430425672.437300,9
1430425672.451713,9
1430425672.466645,9
1430425672.481998,9
1430425672.497168,9
1430425672.512913,9
1430425672.527582,9
1430425672.541602,9
1430425672.556434,9
1430425672.572015,9
1430425672.588371,9
1430425672.602166,9
1430425672.616477,10
1430425672.631181,10
1430425672.646558,10
1430425672.660642,10
1430425672.676826,10
1430425672.691496,10
1430425672.707078,10
1430425672.727351,10
1430425672.742386,10
1430425672.758234,10
1430425672.772926,9
1430425672.790626,10
1430425672.805592,10
1430425672.820734,10
1430425672.836722,9
1430425672.851581,10
1430425672.866067,9
1430425672.880417,10
1430425672.895826,10
1430425672.909749,9
1430425672.926849,10
1430425672.941186,10
1430425672.956992,10
1430425672.971250,10
1430425672.990053,11
1430425673.004535,10
1430425673.020100,10
1430425673.034550,10
1430425673.049654,10
1430425673.067238,10
1430425673.081796,7
1430425673.097914,8
1430425673.112400,8
1430425673.130011,9
1430425673.144990,9
1430425673.159340,9
1430425673.177093,9
1430425673.191768,9
1430425673.209393,10
1430425673.224885,9
1430425673.238695,9
1430425673.253102,9
1430425673.269032,10
1430425673.284495,10
1430425673.300782,9
1430425673.315737,10
1430425673.330485,10
1430425673.346268,9
1430425673.360364,10
1430425673.374434,10
1430425673.389018,10
1430425673.403096,10
1430425673.423334,9
1430425673.438635,10
1430425673.452645,9
1430425673.468932,9
1430425673.483335,10
1430425673.499431,10
1430425673.514205,9
1430425673.528600,9
1430425673.543827,9
1430425673.558578,9
1430425673.573610,9
1430425673.587633,9
1430425673.601711,10
1430425673.616201,10
1430425673.631334,10
1430425673.647012,10
1430425673.661785,9
1430425673.676931,9
1430425673.691801,10
1430425673.706196,10
1430425673.720697,9
1430425673.736927,10
1430425673.752257,10
1430425673.768235,10
1430425673.782225,9
1430425673.797769,9
1430425673.812206,9
1430425673.827074,9
1430425673.841805,9
1430425673.856295,10
1430425673.871821,10
1430425673.888344,10
1430425673.904410,10
1430425673.918544,10
1430425673.933127,10
1430425673.948686,10
1430425673.963725,10
1430425673.979157,10
1430425673.994192,11
1430425674.010018,10
1430425674.025155,10
1430425674.041175,10
1430425674.056726,10
1430425674.071214,10
1430425674.086871,10
1430425674.101555,9
1430425674.115822,8
1430425674.134064,10
1430425674.152489,9
1430425674.169174,10
1430425674.184175,10
1430425674.199253,9
1430425674.214611,9
1430425674.229850,9
1430425674.245828,10
1430425674.261405,10
1430425674.276582,9
1430425674.291932,9
1430425674.308381,9
1430425674.323843,9
1430425674.340076,9
1430425674.354146,9
1430425674.370587,9
1430425674.386087,9
1430425674.400443,9
1430425674.415417,9
1430425674.429489,10
1430425674.443451,9
1430425674.459002,10
1430425674.474708,10
1430425674.491407,10
1430425674.507674,10
1430425674.522160,10
1430425674.536045,10
1430425674.550397,9
1430425674.565990,10
1430425674.582409,9
1430425674.598863,10
1430425674.614279,10
1430425674.629348,9
1430425674.653391,9
1430425674.669713,10
1430425674.685230,10
1430425674.701267,10
1430425674.716606,10
1430425674.731122,10
1430425674.747321,10
1430425674.765728,10
1430425674.779965,10
1430425674.797275,10
1430425674.812769,10
1430425674.829189,10
1430425674.848747,10
1430425674.863427,10
1430425674.879293,10
1430425674.894056,10
1430425674.909261,10
1430425674.924488,11
1430425674.939665,11
1430425674.954692,11
1430425674.969379,11
1430425674.984434,11
1430425675.000350,11
1430425675.016499,11
1430425675.031218,11
1430425675.046078,11
1430425675.060697,11
1430425675.078145,11
1430425675.092947,11
1430425675.108519,10
1430425675.125175,7
1430425675.139702,8
1430425675.154279,9
1430425675.169290,9
1430425675.184573,9
1430425675.199703,10
1430425675.213764,9
1430425675.228905,10
1430425675.243397,9
1430425675.259121,9
1430425675.273384,9
1430425675.287598,9
1430425675.302601,9
1430425675.316673,9
1430425675.331893,10
1430425675.347087,9
1430425675.360817,9
1430425675.376103,9
1430425675.390659,9
1430425675.405237,10
1430425675.419390,10
1430425675.433769,10
1430425675.448729,9
1430425675.463621,9
1430425675.479533,9
1430425675.493721,9
1430425675.508310,9
1430425675.522906,9
1430425675.537758,10
1430425675.552514,10
1430425675.567201,10
1430425675.582726,10
1430425675.597031,10
1430425675.611780,10
1430425675.626402,10
1430425675.641583,10
1430425675.657726,10
1430425675.671985,10
1430425675.687343,10
1430425675.702343,10
1430425675.717245,10
1430425675.742019,10
1430425675.757905,10
1430425675.773424,10
1430425675.793198,10
1430425675.808639,9
1430425675.829871,10
1430425675.845302,10
1430425675.860143,10
1430425675.876118,9
1430425675.890120,10
1430425675.904686,10
1430425675.920162,10
1430425675.938474,9
1430425675.953423,10
1430425675.968162,10
1430425675.983055,10
1430425675.997728,11
1430425676.011844,9
1430425676.027426,9
1430425676.041190,9
1430425676.056193,9
1430425676.070142,10
1430425676.085528,9
1430425676.099852,9
1430425676.116262,9
1430425676.131206,9
1430425676.151759,7
1430425676.166883,0
1430425676.180867,1
1430425676.196583,0
1430425676.211363,0
1430425676.229868,0
1430425676.247230,0
1430425676.262740,0
1430425676.278267,0
1430425676.293644,0
1430425676.309090,0
1430425676.323937,0
1430425676.338868,0
1430425676.358158,0
1430425676.374621,0
1430425676.389831,0
1430425676.404009,0
1430425676.418873,0
1430425676.434300,0
1430425676.453692,0
1430425676.471754,0
1430425676.486406,0
1430425676.501412,0
1430425676.516823,0
1430425676.531217,0
1430425676.546956,0
1430425676.561120,0
1430425676.576660,0
1430425676.593972,0
1430425676.612022,0
1430425676.630581,0
1430425676.646370,0
1430425676.660819,0
1430425676.679321,0
1430425676.696579,0
1430425676.710930,0
1430425676.725188,0
1430425676.739309,0
1430425676.753762,0
1430425676.768045,0
1430425676.783288,0
1430425676.801579,0
1430425676.817871,0
1430425676.833118,0
1430425676.847975,0
1430425676.866089,0
1430425676.882938,0
1430425676.905933,0
1430425676.925499,0
1430425676.944261,0
1430425676.960368,0
1430425676.975357,0
1430425676.989817,0
