1430425584.091752,0
1430425584.107046,2
1430425584.121107,0
1430425584.136959,0
1430425584.151744,6
1430425584.167802,3
1430425584.181929,0
1430425584.197188,6
1430425584.212153,8
1430425584.226674,1
1430425584.242689,7
1430425584.258964,9
1430425584.273798,9
1430425584.291579,9
1430425584.307453,9
1430425584.323247,9
1430425584.338596,9
1430425584.352961,9
1430425584.374594,9
1430425584.390188,10
1430425584.405826,10
1430425584.420666,10
1430425584.437271,10
1430425584.451623,10
1430425584.467288,10
1430425584.482420,10
1430425584.498347,10
1430425584.512462,9
1430425584.527836,10
1430425584.542055,10
1430425584.557339,9
1430425584.572351,10
1430425584.587343,10
1430425584.603192,10
1430425584.618180,10
1430425584.632725,10
1430425584.647135,10
1430425584.661277,10
1430425584.675527,10
1430425584.690021,10
1430425584.704271,10
1430425584.718479,10
1430425584.732164,10
1430425584.746668,10
1430425584.761438,10
1430425584.776167,10
1430425584.791265,10
1430425584.807848,10
1430425584.822786,10
1430425584.840633,10
1430425584.855825,10
1430425584.870805,10
1430425584.885954,10
1430425584.899712,10
1430425584.917393,10
1430425584.931903,10
1430425584.948109,9
1430425584.964016,9
1430425584.979973,9
1430425584.997415,9
1430425585.011675,10
1430425585.027389,10
1430425585.042395,10
1430425585.059078,10
1430425585.073728,10
1430425585.090116,9
1430425585.104729,9
1430425585.120700,9
1430425585.137831,9
1430425585.152373,10
1430425585.167282,10
1430425585.182125,10
1430425585.199232,10
1430425585.214432,10
1430425585.230085,11
1430425585.246186,10
1430425585.261615,10
1430425585.276583,10
1430425585.291192,10
1430425585.306129,10
1430425585.322509,10
1430425585.337970,10
1430425585.352217,10
1430425585.368376,10
1430425585.384150,10
1430425585.400085,10
1430425585.415532,10
1430425585.431276,10
1430425585.445535,10
1430425585.459617,10
1430425585.474708,10
1430425585.489637,10
1430425585.505314,10
1430425585.521730,10
1430425585.542781,9
1430425585.559407,10
1430425585.573466,10
1430425585.588789,10
1430425585.606901,9
1430425585.621460,10
1430425585.637129,10
1430425585.651858,10
1430425585.667472,10
1430425585.681273,10
1430425585.697354,10
1430425585.711838,10
1430425585.726022,10
1430425585.741830,11
1430425585.757103,11
1430425585.771099,11
1430425585.785947,11
1430425585.800283,10
1430425585.814404,11
1430425585.832384,10
1430425585.847188,11
1430425585.864090,11
1430425585.878744,11
1430425585.892696,11
1430425585.907420,11
1430425585.921634,11
1430425585.937796,11
1430425585.952153,11
1430425585.967401,11
1430425585.982105,11
1430425585.997542,11
1430425586.012630,11
1430425586.027976,11
1430425586.042125,11
1430425586.057784,11
1430425586.072965,11
1430425586.088462,11
1430425586.102610,11
1430425586.117936,11
1430425586.132866,11
1430425586.147936,11
1430425586.163028,10
1430425586.178312,10
1430425586.193180,11
1430425586.212640,9
1430425586.227766,11
1430425586.243279,11
1430425586.258219,11
1430425586.272463,12
1430425586.286385,11
1430425586.300779,11
1430425586.315316,11
1430425586.330077,12
1430425586.345421,11
1430425586.360335,12
1430425586.375451,11
1430425586.390386,11
1430425586.405741,11
1430425586.419986,12
1430425586.434445,12
1430425586.449260,11
1430425586.463009,11
1430425586.477876,12
1430425586.492023,11
1430425586.508237,12
1430425586.522004,11
1430425586.536740,11
1430425586.550837,11
1430425586.565809,11
1430425586.579725,11
1430425586.593821,11
1430425586.608745,12
1430425586.622814,11
1430425586.638740,11
1430425586.652534,11
1430425586.667364,11
1430425586.681992,11
1430425586.696106,11
1430425586.710333,11
1430425586.724498,11
1430425586.740050,11
1430425586.755164,11
1430425586.769125,11
1430425586.782855,11
1430425586.797977,11
1430425586.812448,11
1430425586.829300,12
1430425586.844126,12
1430425586.859092,11
1430425586.873268,11
1430425586.888289,11
1430425586.902775,11
1430425586.917410,11
1430425586.931716,11
1430425586.946325,11
1430425586.961213,12
1430425586.975682,11
1430425586.990231,12
1430425587.004129,11
1430425587.019486,12
1430425587.033736,11
1430425587.050737,11
1430425587.066084,11
1430425587.080338,12
1430425587.094250,11
1430425587.108998,12
1430425587.123283,11
1430425587.138178,12
1430425587.153156,11
1430425587.169252,11
1430425587.183453,11
1430425587.199420,11
1430425587.215040,11
1430425587.230292,11
1430425587.244513,11
1430425587.259294,13
1430425587.273845,13
1430425587.288965,12
1430425587.304230,12
1430425587.318430,12
1430425587.332375,11
1430425587.348934,12
1430425587.363460,12
1430425587.377881,12
1430425587.392166,12
1430425587.406598,12
1430425587.420935,12
1430425587.435543,12
1430425587.451829,12
1430425587.467243,12
1430425587.481835,12
1430425587.496459,12
1430425587.511336,12
1430425587.526805,11
1430425587.541291,12
1430425587.556766,12
1430425587.570840,11
1430425587.586145,11
1430425587.599983,12
1430425587.613914,12
1430425587.628857,12
1430425587.643566,12
1430425587.659890,12
1430425587.674605,11
1430425587.691431,12
1430425587.708128,11
1430425587.722977,12
1430425587.738368,11
1430425587.753075,12
1430425587.769361,12
1430425587.785270,12
1430425587.799611,12
1430425587.814359,12
1430425587.831519,12
1430425587.846890,12
1430425587.860734,12
1430425587.875355,12
1430425587.890004,12
1430425587.904082,12
1430425587.918531,12
1430425587.932926,12
1430425587.952091,12
1430425587.968582,12
1430425587.982651,11
1430425587.997734,12
1430425588.012587,12
1430425588.028119,12
1430425588.043296,12
1430425588.059281,12
1430425588.074898,12
1430425588.089781,12
1430425588.103795,12
1430425588.118335,12
1430425588.132870,12
1430425588.147817,11
1430425588.166452,11
1430425588.184031,11
1430425588.199122,11
1430425588.213887,11
1430425588.230633,11
1430425588.247776,11
1430425588.262671,11
1430425588.277705,11
1430425588.291632,12
1430425588.306550,11
1430425588.321444,12
1430425588.335847,12
1430425588.350343,12
1430425588.366013,12
1430425588.380208,12
1430425588.394518,12
1430425588.409989,12
1430425588.424629,12
1430425588.440237,11
1430425588.454381,12
1430425588.469253,11
1430425588.483826,12
1430425588.499122,12
1430425588.514398,11
1430425588.528378,12
1430425588.543146,12
1430425588.559172,12
1430425588.573069,12
1430425588.588353,11
1430425588.603258,12
1430425588.617302,11
1430425588.632590,12
1430425588.647552,12
1430425588.661978,12
1430425588.677302,12
1430425588.692188,12
1430425588.707138,12
1430425588.721534,11
1430425588.735867,12
1430425588.750612,11
1430425588.765125,12
1430425588.779284,12
1430425588.793690,11
1430425588.808425,12
1430425588.823057,12
1430425588.837948,12
1430425588.851966,12
1430425588.867340,12
1430425588.881253,11
1430425588.895456,12
1430425588.910034,12
1430425588.924124,12
1430425588.938681,11
1430425588.952712,11
1430425588.968830,12
1430425588.983848,12
1430425588.999137,11
1430425589.013239,11
1430425589.027666,11
1430425589.043764,11
1430425589.058775,12
1430425589.073443,12
1430425589.088611,12
1430425589.103329,11
1430425589.118684,11
1430425589.133014,12
1430425589.148008,12
1430425589.163154,12
1430425589.177539,12
1430425589.192225,12
1430425589.208103,11
1430425589.223117,11
1430425589.238055,11
1430425589.252241,11
1430425589.269759,11
1430425589.285517,11
1430425589.299675,11
1430425589.314728,12
1430425589.329617,12
1430425589.343975,12
1430425589.358332,12
1430425589.372277,11
1430425589.386689,12
1430425589.401133,12
1430425589.417016,12
1430425589.433245,12
1430425589.448656,12
1430425589.464504,12
1430425589.480216,12
1430425589.495185,12
1430425589.510777,12
1430425589.525239,12
1430425589.539529,12
1430425589.557268,12
1430425589.576646,12
1430425589.591925,12
1430425589.608642,12
1430425589.627527,12
1430425589.641821,12
1430425589.657818,12
1430425589.672542,12
1430425589.687221,12
1430425589.701401,12
1430425589.717015,12
1430425589.732515,12
1430425589.747398,12
1430425589.762266,12
1430425589.777352,12
1430425589.791385,12
1430425589.806858,12
1430425589.821212,12
1430425589.836114,12
1430425589.850628,12
1430425589.865879,12
1430425589.880119,12
1430425589.901814,12
1430425589.918532,12
1430425589.932940,12
1430425589.947473,12
1430425589.962561,12
1430425589.977658,12
1430425589.991835,12
1430425590.007604,12
1430425590.022792,12
1430425590.038943,12
1430425590.054177,12
1430425590.069991,12
1430425590.084531,12
1430425590.099311,12
1430425590.113785,11
1430425590.128441,12
1430425590.142441,12
1430425590.164331,12
1430425590.179584,12
1430425590.194659,12
1430425590.210281,12
1430425590.226129,12
1430425590.240916,12
1430425590.257901,12
1430425590.276182,12
1430425590.291842,12
1430425590.306423,12
1430425590.320547,13
1430425590.336636,12
1430425590.351415,13
1430425590.367407,13
1430425590.382415,13
1430425590.396772,13
1430425590.411468,13
1430425590.427144,13
1430425590.443181,13
1430425590.463178,13
1430425590.478328,13
1430425590.492421,12
1430425590.507252,13
1430425590.522012,13
1430425590.536742,13
1430425590.550998,13
1430425590.565823,13
1430425590.580081,13
1430425590.594355,12
1430425590.610982,13
1430425590.626295,13
1430425590.641418,13
1430425590.656960,13
1430425590.672789,13
1430425590.687549,13
1430425590.701340,13
1430425590.717268,13
1430425590.732475,13
1430425590.747598,13
1430425590.762914,13
1430425590.778217,13
1430425590.792251,12
1430425590.807991,13
1430425590.822713,13
1430425590.838351,13
1430425590.852332,13
1430425590.867450,13
1430425590.881893,13
1430425590.897417,13
1430425590.911705,13
1430425590.926150,13
1430425590.941224,12
1430425590.956614,13
1430425590.970790,13
1430425590.985404,13
1430425590.999873,12
1430425591.014128,13
1430425591.029243,13
1430425591.043374,13
1430425591.059086,13
1430425591.074644,13
1430425591.095827,13
1430425591.110049,13
1430425591.126049,13
1430425591.140906,13
1430425591.157975,13
1430425591.172338,13
1430425591.187563,13
1430425591.202088,13
1430425591.217395,11
1430425591.234028,12
1430425591.249875,12
1430425591.264534,12
1430425591.280351,12
1430425591.296803,12
1430425591.311567,12
1430425591.327486,12
1430425591.342795,13
1430425591.357417,12
1430425591.371756,12
1430425591.386665,12
1430425591.401060,12
1430425591.415247,12
1430425591.429276,12
1430425591.443353,12
1430425591.458705,12
1430425591.473851,12
1430425591.488287,12
1430425591.502932,12
1430425591.519140,12
1430425591.534223,12
1430425591.549369,12
1430425591.564995,12
1430425591.580085,12
1430425591.595585,12
1430425591.610674,12
1430425591.627721,12
1430425591.642687,13
1430425591.659251,13
1430425591.673944,13
1430425591.689087,13
1430425591.703858,12
1430425591.720683,13
1430425591.736430,13
1430425591.750746,13
1430425591.765798,13
1430425591.782272,13
1430425591.798389,13
1430425591.812818,13
1430425591.828276,13
1430425591.843978,13
1430425591.858704,13
1430425591.873476,13
1430425591.888586,13
1430425591.903368,13
1430425591.917660,13
1430425591.932831,13
1430425591.947873,13
1430425591.962615,13
1430425591.977606,13
1430425591.991374,13
1430425592.005900,13
1430425592.020565,13
1430425592.034253,12
1430425592.048995,12
1430425592.063161,13
1430425592.078511,13
1430425592.094065,13
1430425592.109341,12
1430425592.123538,13
1430425592.138323,13
1430425592.152907,13
1430425592.167809,13
1430425592.181813,13
1430425592.197133,13
1430425592.211612,13
1430425592.226400,13
1430425592.240601,13
1430425592.255940,13
1430425592.271373,13
1430425592.286707,13
1430425592.301908,13
1430425592.316279,13
1430425592.331129,13
1430425592.347375,14
1430425592.362214,14
1430425592.377488,13
1430425592.391419,13
1430425592.406806,13
1430425592.421102,13
1430425592.436390,13
1430425592.450967,13
1430425592.466007,13
1430425592.480432,13
1430425592.496128,13
1430425592.510361,13
1430425592.524476,13
1430425592.540112,12
1430425592.554394,13
1430425592.568353,13
1430425592.582672,13
1430425592.598350,13
1430425592.613086,13
1430425592.627989,13
1430425592.642822,13
1430425592.658031,13
1430425592.672464,13
1430425592.687050,13
1430425592.701237,13
1430425592.717554,13
1430425592.732444,13
1430425592.752439,13
1430425592.770180,13
1430425592.784561,13
1430425592.800757,13
1430425592.816740,13
1430425592.830864,13
1430425592.847892,13
1430425592.862392,13
1430425592.877236,13
1430425592.896491,13
1430425592.910753,13
1430425592.925954,13
1430425592.941000,13
1430425592.956405,13
1430425592.971766,13
1430425592.987616,13
1430425593.002080,13
1430425593.016750,13
1430425593.031073,13
1430425593.045655,13
1430425593.060170,13
1430425593.075806,12
1430425593.089844,13
1430425593.106266,13
1430425593.120678,12
1430425593.135514,13
1430425593.149982,13
1430425593.164090,12
1430425593.179300,13
1430425593.194268,12
1430425593.209242,12
1430425593.223560,12
1430425593.239221,13
1430425593.253973,12
1430425593.269267,13
1430425593.284193,12
1430425593.298711,12
1430425593.312637,13
1430425593.327216,13
1430425593.342078,13
1430425593.356686,12
1430425593.370804,13
1430425593.385345,13
1430425593.399701,13
1430425593.414193,14
1430425593.428945,13
1430425593.443692,13
1430425593.458644,12
1430425593.473391,12
1430425593.487991,13
1430425593.501533,13
1430425593.517294,13
1430425593.530989,13
1430425593.546961,12
1430425593.560881,13
1430425593.575821,13
1430425593.590537,13
1430425593.605154,13
1430425593.621367,13
1430425593.635791,13
1430425593.650572,13
1430425593.664510,12
1430425593.679266,13
1430425593.692930,13
1430425593.708190,12
1430425593.723253,13
1430425593.738161,13
1430425593.752895,12
1430425593.768748,12
1430425593.782509,12
1430425593.798263,13
1430425593.816190,13
1430425593.830949,13
1430425593.846538,13
1430425593.861951,13
1430425593.876710,13
1430425593.891460,13
1430425593.906422,13
1430425593.920920,12
1430425593.935752,13
1430425593.950424,13
1430425593.966777,13
1430425593.981077,13
1430425593.996379,13
1430425594.010725,13
1430425594.027131,13
1430425594.040957,13
1430425594.056270,13
1430425594.070929,13
1430425594.085697,13
1430425594.100285,13
1430425594.114410,13
1430425594.128668,14
1430425594.143554,13
1430425594.158157,13
1430425594.172369,19
1430425594.187447,22
1430425594.201436,22
1430425594.216302,22
1430425594.231290,35
1430425594.246480,42
1430425594.260898,42
1430425594.276464,44
1430425594.291312,57
1430425594.305842,65
1430425594.320075,72
1430425594.334648,72
1430425594.349791,72
1430425594.366218,77
1430425594.380153,83
1430425594.393858,90
1430425594.408776,96
1430425594.423923,101
1430425594.439609,105
1430425594.454038,105
1430425594.481533,109
1430425594.496168,114
1430425594.512468,118
1430425594.527424,124
1430425594.542207,128
1430425594.556868,132
1430425594.570769,134
1430425594.585417,139
1430425594.600000,140
1430425594.615833,140
1430425594.629850,140
1430425594.645005,144
1430425594.660519,148
1430425594.675952,151
1430425594.689614,152
1430425594.707582,159
1430425594.722671,162
1430425594.747862,166
1430425594.763041,168
1430425594.778955,172
1430425594.793472,172
1430425594.809216,176
1430425594.825478,178
1430425594.839777,178
1430425594.853683,178
1430425594.868474,180
1430425594.882279,185
1430425594.898563,186
1430425594.912859,189
1430425594.927317,191
1430425594.941076,194
1430425594.955308,197
1430425594.969779,201
1430425594.984652,202
1430425594.999498,204
1430425595.014073,208
1430425595.029423,210
1430425595.044113,212
1430425595.059302,216
1430425595.075887,216
1430425595.090327,216
1430425595.104624,216
1430425595.119457,221
1430425595.133185,223
1430425595.148873,225
1430425595.164392,227
1430425595.179720,229
1430425595.193977,232
1430425595.209805,236
1430425595.225235,236
1430425595.239623,238
1430425595.255080,242
1430425595.269248,242
1430425595.283301,244
1430425595.298553,248
1430425595.314256,250
1430425595.328665,250
1430425595.343053,255
1430425595.357224,258
1430425595.372101,258
1430425595.386612,258
1430425595.400901,258
1430425595.417115,260
1430425595.431460,262
1430425595.447223,264
1430425595.462188,266
1430425595.477060,268
1430425595.492122,270
1430425595.507904,272
1430425595.523748,274
1430425595.539720,279
1430425595.553947,279
1430425595.570170,280
1430425595.586044,282
1430425595.600201,284
1430425595.616962,284
1430425595.632170,286
1430425595.653785,290
1430425595.670200,291
1430425595.685322,291
1430425595.699914,295
1430425595.716376,295
1430425595.730857,298
1430425595.745851,298
1430425595.760105,299
1430425595.774950,299
1430425595.789901,301
1430425595.803809,303
1430425595.818897,306
1430425595.833413,307
1430425595.848446,307
1430425595.862643,309
1430425595.878652,314
1430425595.893259,314
1430425595.907403,316
1430425595.922306,318
1430425595.936640,321
1430425595.953441,321
1430425595.970120,323
1430425595.986372,325
1430425595.999778,327
1430425596.014595,327
1430425596.028921,329
1430425596.044335,329
1430425596.060185,333
1430425596.078262,333
1430425596.093441,334
1430425596.111582,337
1430425596.125739,339
1430425596.140424,341
1430425596.155192,344
1430425596.169256,344
1430425596.183165,344
1430425596.199148,343
1430425596.214308,344
1430425596.229927,346
1430425596.244127,348
1430425596.261742,350
1430425596.277010,350
1430425596.290878,352
1430425596.307524,354
1430425596.322055,354
1430425596.337243,358
1430425596.351150,359
1430425596.366061,361
1430425596.380026,363
1430425596.393818,365
1430425596.408667,367
1430425596.422937,368
1430425596.437864,369
1430425596.453259,372
1430425596.469653,374
1430425596.484086,373
1430425596.498670,376
1430425596.512815,376
1430425596.526993,377
1430425596.541992,380
1430425596.557061,382
1430425596.571085,382
1430425596.586910,384
1430425596.600873,386
1430425596.614849,388
1430425596.629109,391
1430425596.643646,391
1430425596.658645,392
1430425596.672933,392
1430425596.688296,394
1430425596.702371,396
1430425596.716207,396
1430425596.731332,398
1430425596.747233,400
1430425596.761503,400
1430425596.776030,400
1430425596.791192,401
1430425596.806603,403
1430425596.820732,405
1430425596.835232,407
1430425596.850482,407
1430425596.866074,409
1430425596.880011,409
1430425596.894527,414
1430425596.908994,414
1430425596.923403,414
1430425596.938630,416
1430425596.952511,418
1430425596.967556,420
1430425596.982030,420
1430425597.000175,422
1430425597.014460,422
1430425597.029175,424
1430425597.044298,424
1430425597.059606,424
1430425597.074327,424
1430425597.089135,425
1430425597.103671,424
1430425597.117952,424
1430425597.132924,424
1430425597.147967,424
1430425597.167269,424
1430425597.181362,424
1430425597.196567,424
1430425597.211129,425
1430425597.226019,424
1430425597.240814,425
1430425597.255034,425
1430425597.269603,425
1430425597.285865,424
1430425597.300784,424
1430425597.318892,424
1430425597.333291,425
1430425597.349798,425
1430425597.364507,425
1430425597.380955,424
1430425597.397352,425
1430425597.412184,425
1430425597.427033,425
1430425597.443900,424
1430425597.458183,424
1430425597.472594,424
1430425597.489495,424
1430425597.503466,425
1430425597.517783,424
1430425597.532963,424
1430425597.548860,425
1430425597.563348,424
1430425597.577217,424
1430425597.591314,424
1430425597.606185,424
1430425597.620900,425
1430425597.636827,424
1430425597.652627,424
1430425597.667716,424
1430425597.682919,425
1430425597.700243,425
1430425597.714102,425
1430425597.728749,425
1430425597.742870,425
1430425597.760527,424
1430425597.776097,424
1430425597.790361,423
1430425597.805353,424
1430425597.822748,424
1430425597.837692,424
1430425597.852374,424
1430425597.869223,424
1430425597.883470,424
1430425597.898860,424
1430425597.913564,423
1430425597.928620,425
1430425597.942834,424
1430425597.957364,424
1430425597.972211,425
1430425597.987024,425
1430425598.001453,425
1430425598.015413,424
1430425598.030492,425
1430425598.044923,425
1430425598.059122,424
1430425598.074465,424
1430425598.090111,424
1430425598.106540,424
1430425598.121772,424
1430425598.137379,425
1430425598.152046,424
1430425598.166168,425
1430425598.182239,424
1430425598.198014,425
1430425598.212847,424
1430425598.228346,425
1430425598.243342,424
1430425598.257819,425
1430425598.272072,424
1430425598.287619,421
1430425598.302264,419
1430425598.316746,414
1430425598.331678,409
1430425598.347766,408
1430425598.362358,408
1430425598.376815,408
1430425598.393992,408
1430425598.409608,409
1430425598.424146,409
1430425598.438806,409
1430425598.452707,408
1430425598.467003,409
1430425598.481644,409
1430425598.497623,409
1430425598.512706,410
1430425598.528826,411
1430425598.543100,411
1430425598.561082,401
1430425598.575493,390
1430425598.591402,386
1430425598.605921,374
1430425598.619914,365
1430425598.635265,354
1430425598.649438,345
1430425598.664012,339
1430425598.678787,341
1430425598.692752,345
1430425598.706959,345
1430425598.722557,345
1430425598.737885,348
1430425598.753008,346
1430425598.768889,346
1430425598.783451,347
1430425598.804385,349
1430425598.820048,349
1430425598.835521,349
1430425598.850397,349
1430425598.866198,349
1430425598.880702,351
1430425598.896517,351
1430425598.910768,351
1430425598.927674,351
1430425598.942365,351
1430425598.958717,350
1430425598.974376,351
1430425598.990350,351
1430425599.005776,351
1430425599.020786,351
1430425599.035770,351
1430425599.049490,351
1430425599.064055,351
1430425599.078821,351
1430425599.093103,352
1430425599.107874,352
1430425599.122426,358
1430425599.140728,362
1430425599.155655,368
1430425599.169950,367
1430425599.184255,369
1430425599.200108,368
1430425599.215985,371
1430425599.232126,373
1430425599.246124,373
1430425599.260097,373
1430425599.275566,370
1430425599.290755,370
1430425599.305978,367
1430425599.321301,363
1430425599.336825,358
1430425599.351889,355
1430425599.366641,351
1430425599.380973,348
1430425599.396086,344
1430425599.410326,341
1430425599.425030,337
1430425599.439244,334
1430425599.453134,329
1430425599.468636,327
1430425599.483268,322
1430425599.498695,319
1430425599.514149,315
1430425599.528140,310
1430425599.543602,309
1430425599.557989,305
1430425599.572879,302
1430425599.591878,303
1430425599.609704,304
1430425599.626298,301
1430425599.640243,300
1430425599.654683,299
1430425599.669714,299
1430425599.683338,299
1430425599.698679,299
1430425599.717849,299
1430425599.732377,303
1430425599.749183,301
1430425599.766071,302
1430425599.780137,301
1430425599.795398,302
1430425599.809877,303
1430425599.827020,302
1430425599.841606,302
1430425599.856344,304
1430425599.870795,304
1430425599.885918,304
1430425599.900240,304
1430425599.914528,304
1430425599.928787,304
1430425599.944019,304
1430425599.958345,304
1430425599.973578,304
1430425599.989202,304
1430425600.003714,304
1430425600.017863,304
1430425600.032371,308
1430425600.046556,311
1430425600.060559,311
1430425600.075938,310
1430425600.090532,310
1430425600.105957,310
1430425600.121580,310
1430425600.136872,313
1430425600.150970,314
1430425600.165417,313
1430425600.180112,313
1430425600.195412,313
1430425600.209882,317
1430425600.225202,316
1430425600.239926,316
1430425600.255219,315
1430425600.270438,316
1430425600.286793,315
1430425600.301006,315
1430425600.317110,315
1430425600.331295,315
1430425600.346259,315
1430425600.360552,316
1430425600.375668,315
1430425600.391182,316
1430425600.406221,316
1430425600.420396,316
1430425600.436767,316
1430425600.454467,316
1430425600.469759,318
1430425600.484189,320
1430425600.500629,324
1430425600.516338,322
1430425600.530768,321
1430425600.545058,321
1430425600.559595,320
1430425600.575560,322
1430425600.590173,323
1430425600.604113,324
1430425600.618892,323
1430425600.634206,323
1430425600.649458,325
1430425600.663705,324
1430425600.677949,325
1430425600.692331,325
1430425600.707179,326
1430425600.722696,326
1430425600.737507,325
1430425600.752005,326
1430425600.767514,327
1430425600.782302,327
1430425600.798169,327
1430425600.813204,327
1430425600.829842,326
1430425600.844595,327
1430425600.860224,327
1430425600.876679,327
1430425600.891172,327
1430425600.907098,328
1430425600.922293,330
1430425600.937621,332
1430425600.952774,332
1430425600.968473,331
1430425600.983091,331
1430425600.998299,331
1430425601.012519,334
1430425601.027622,334
1430425601.042502,334
1430425601.058401,334
1430425601.076186,334
1430425601.090854,336
1430425601.105998,336
1430425601.122403,336
1430425601.138388,336
1430425601.152362,338
1430425601.166880,338
1430425601.182037,339
1430425601.197747,339
1430425601.212974,339
1430425601.228760,339
1430425601.243182,339
1430425601.258343,339
1430425601.272014,339
1430425601.286968,339
1430425601.301545,340
1430425601.315802,339
1430425601.330541,339
1430425601.346634,342
1430425601.361676,343
1430425601.377828,341
1430425601.394615,345
1430425601.409622,346
1430425601.425103,341
1430425601.439539,342
1430425601.454825,341
1430425601.469958,344
1430425601.487595,346
1430425601.501932,344
1430425601.518529,344
1430425601.533910,343
1430425601.548968,344
1430425601.563508,345
1430425601.577715,345
1430425601.592024,343
1430425601.608465,343
1430425601.623092,345
1430425601.638146,344
1430425601.652925,344
1430425601.667510,345
1430425601.681472,344
1430425601.696875,346
1430425601.712641,345
1430425601.727646,345
1430425601.742137,345
1430425601.758488,346
1430425601.773040,347
1430425601.790589,347
1430425601.805745,347
1430425601.820728,347
1430425601.836150,348
1430425601.850496,350
1430425601.863999,350
1430425601.878341,350
1430425601.893504,351
1430425601.908665,354
1430425601.922781,352
1430425601.937778,348
1430425601.953140,348
1430425601.967833,351
1430425601.982218,350
1430425601.997479,351
1430425602.012781,351
1430425602.027496,351
1430425602.042267,352
1430425602.060771,355
1430425602.075996,352
1430425602.090095,352
1430425602.106036,351
1430425602.120549,352
1430425602.135165,353
1430425602.149612,353
1430425602.164395,353
1430425602.179710,352
1430425602.194621,353
1430425602.210321,352
1430425602.225910,353
1430425602.246400,354
1430425602.261452,352
1430425602.275998,353
1430425602.290121,354
1430425602.305826,355
1430425602.321774,354
1430425602.335833,355
1430425602.350805,356
1430425602.367489,357
1430425602.382389,357
1430425602.397902,360
1430425602.412974,359
1430425602.427627,359
1430425602.442676,356
1430425602.459023,357
1430425602.475371,358
1430425602.489807,357
1430425602.504690,357
1430425602.519555,357
1430425602.534502,357
1430425602.552124,358
1430425602.566950,356
1430425602.581633,356
1430425602.596321,357
1430425602.611234,358
1430425602.626411,358
1430425602.641787,358
1430425602.657590,356
1430425602.671562,356
1430425602.686791,356
1430425602.702539,356
1430425602.717972,356
1430425602.731920,356
1430425602.756964,356
1430425602.771511,358
1430425602.786180,357
1430425602.800311,358
1430425602.814407,358
1430425602.829623,360
1430425602.846010,359
1430425602.860870,361
1430425602.875553,361
1430425602.891411,364
1430425602.906420,362
1430425602.920869,363
1430425602.936096,360
1430425602.951180,360
1430425602.965962,360
1430425602.980546,362
1430425602.996530,362
1430425603.011235,362
1430425603.027061,362
1430425603.043374,361
1430425603.059328,360
1430425603.077811,364
1430425603.092516,365
1430425603.107403,362
1430425603.124003,363
1430425603.140761,364
1430425603.156674,363
1430425603.170653,363
1430425603.186258,362
1430425603.200586,362
1430425603.215259,363
1430425603.229464,362
1430425603.243494,362
1430425603.259144,363
1430425603.274074,363
1430425603.289498,363
1430425603.303477,362
1430425603.320108,365
1430425603.336141,365
1430425603.350860,364
1430425603.366663,364
1430425603.382034,363
1430425603.396052,364
1430425603.410510,365
1430425603.425188,365
1430425603.439320,365
1430425603.453865,366
1430425603.469475,366
1430425603.484706,365
1430425603.500215,364
1430425603.515591,365
1430425603.529593,364
1430425603.544363,364
1430425603.559587,366
1430425603.573732,365
1430425603.589538,364
1430425603.603748,364
1430425603.618583,367
1430425603.633534,366
1430425603.649098,366
1430425603.664054,366
1430425603.679919,366
1430425603.694183,367
1430425603.708374,367
1430425603.725709,365
1430425603.743681,366
1430425603.759682,366
1430425603.775775,366
1430425603.792095,365
1430425603.806169,366
1430425603.819560,364
1430425603.834456,365
1430425603.849609,366
1430425603.864994,366
1430425603.880059,368
1430425603.896003,367
1430425603.910805,368
1430425603.929700,370
1430425603.943852,371
1430425603.958592,369
1430425603.973370,367
1430425603.988719,368
1430425604.003382,367
1430425604.020512,367
1430425604.034600,366
1430425604.049284,367
1430425604.063684,366
1430425604.077660,366
1430425604.091762,368
1430425604.106935,367
1430425604.121979,367
1430425604.137789,370
1430425604.157031,371
1430425604.177089,371
1430425604.192075,371
1430425604.208335,370
1430425604.222957,371
1430425604.237678,369
1430425604.252337,368
1430425604.267228,369
1430425604.282106,369
1430425604.296360,369
1430425604.311714,369
1430425604.326634,369
1430425604.342009,369
1430425604.357287,369
1430425604.372381,371
1430425604.387065,369
1430425604.401362,371
1430425604.415721,371
1430425604.430444,371
1430425604.445458,371
1430425604.459883,371
1430425604.475428,371
1430425604.490521,371
1430425604.506382,371
1430425604.521765,372
1430425604.536467,371
1430425604.551113,369
1430425604.565799,371
1430425604.579709,371
1430425604.593740,370
1430425604.608724,370
1430425604.622946,371
1430425604.639775,370
1430425604.653630,370
1430425604.668724,371
1430425604.682800,371
1430425604.697069,371
1430425604.711539,372
1430425604.728307,371
1430425604.742106,370
1430425604.757076,369
1430425604.772948,371
1430425604.788348,371
1430425604.803042,371
1430425604.817524,373
1430425604.832600,372
1430425604.847182,372
1430425604.862048,373
1430425604.877044,372
1430425604.891121,372
1430425604.906748,375
1430425604.926941,372
1430425604.941454,372
1430425604.956128,371
1430425604.971282,372
1430425604.986350,372
1430425605.001331,373
1430425605.016060,373
1430425605.030925,374
1430425605.047007,374
1430425605.061620,374
1430425605.076375,373
1430425605.093750,373
1430425605.108773,374
1430425605.123560,375
1430425605.137734,374
1430425605.152333,374
1430425605.167774,376
1430425605.182033,376
1430425605.197836,376
1430425605.212188,376
1430425605.226498,376
1430425605.241354,376
1430425605.255887,375
1430425605.270738,374
1430425605.285424,374
1430425605.300325,377
1430425605.314474,375
1430425605.330479,376
1430425605.345831,377
1430425605.360027,377
1430425605.375805,377
1430425605.390248,379
1430425605.404341,379
1430425605.419974,378
1430425605.435107,378
1430425605.450712,379
1430425605.466701,379
1430425605.483593,379
1430425605.497778,379
1430425605.513999,379
1430425605.530031,379
1430425605.545369,379
1430425605.560026,383
1430425605.574437,380
1430425605.589131,380
1430425605.604116,379
1430425605.620266,379
1430425605.636442,379
1430425605.650301,381
1430425605.664398,381
1430425605.680310,381
1430425605.695992,381
1430425605.710278,381
1430425605.725549,381
1430425605.739794,380
1430425605.756778,380
1430425605.772450,380
1430425605.787603,380
1430425605.802735,380
1430425605.818803,382
1430425605.833878,383
1430425605.849940,381
1430425605.865433,381
1430425605.879697,381
1430425605.893750,384
1430425605.908675,383
1430425605.923506,382
1430425605.939461,383
1430425605.953911,383
1430425605.968336,387
1430425605.983178,385
1430425605.997765,382
1430425606.015468,384
1430425606.030312,385
1430425606.048921,385
1430425606.063635,385
1430425606.079142,384
1430425606.093260,387
1430425606.108730,387
1430425606.125725,390
1430425606.140324,388
1430425606.154322,390
1430425606.169355,386
1430425606.184302,387
1430425606.201480,392
1430425606.216315,390
1430425606.230564,389
1430425606.246536,388
1430425606.261490,388
1430425606.277043,388
1430425606.291991,388
1430425606.310071,388
1430425606.325852,388
1430425606.340006,388
1430425606.357761,391
1430425606.371893,391
1430425606.387080,390
1430425606.401634,390
1430425606.416749,390
1430425606.431298,390
1430425606.449009,395
1430425606.464212,396
1430425606.479199,397
1430425606.494212,392
1430425606.508750,393
1430425606.524107,395
1430425606.539088,395
1430425606.554390,394
1430425606.569963,395
1430425606.584343,394
1430425606.599901,394
1430425606.614995,394
1430425606.629610,395
1430425606.644979,396
1430425606.659683,395
1430425606.673692,396
1430425606.688395,398
1430425606.703347,395
1430425606.720647,395
1430425606.735819,400
1430425606.751160,397
1430425606.766411,397
1430425606.781328,397
1430425606.796919,397
1430425606.810957,397
1430425606.826747,397
1430425606.841272,397
1430425606.857043,397
1430425606.871981,397
1430425606.886999,399
1430425606.901286,398
1430425606.916445,400
1430425606.931505,402
1430425606.945887,401
1430425606.962380,402
1430425606.977545,406
1430425606.991593,409
1430425607.006225,407
1430425607.021234,406
1430425607.037769,405
1430425607.052672,406
1430425607.067516,405
1430425607.081643,406
1430425607.096713,407
1430425607.111626,406
1430425607.127274,408
1430425607.141909,409
1430425607.156839,409
1430425607.172474,410
1430425607.188885,410
1430425607.203511,411
1430425607.218036,411
1430425607.236431,415
1430425607.254899,414
1430425607.271595,414
1430425607.286801,412
1430425607.302251,411
1430425607.319066,411
1430425607.333402,411
1430425607.350626,413
1430425607.365921,413
1430425607.380593,413
1430425607.396625,413
1430425607.411344,412
1430425607.427049,413
1430425607.441620,415
1430425607.457755,414
1430425607.472822,417
1430425607.489896,418
1430425607.504555,419
1430425607.519035,416
1430425607.533877,418
1430425607.549482,419
1430425607.566128,421
1430425607.580886,422
1430425607.597613,421
1430425607.612911,421
1430425607.628079,422
1430425607.642258,421
1430425607.658213,422
1430425607.672998,420
1430425607.689167,419
1430425607.703510,418
1430425607.718692,419
1430425607.732382,419
1430425607.748709,419
1430425607.762662,416
1430425607.778815,420
1430425607.793458,421
1430425607.808499,419
1430425607.823754,420
1430425607.840194,420
1430425607.855474,424
1430425607.870818,422
1430425607.886120,420
1430425607.900863,420
1430425607.918539,422
1430425607.932544,422
1430425607.948717,422
1430425607.968536,422
1430425607.983779,422
1430425607.998282,422
1430425608.012794,421
1430425608.027735,422
1430425608.042400,423
1430425608.056537,422
1430425608.070941,424
1430425608.085773,422
1430425608.100719,421
1430425608.115025,422
1430425608.129391,424
1430425608.144194,424
1430425608.160215,424
1430425608.175375,424
1430425608.191824,424
1430425608.206408,424
1430425608.220078,423
1430425608.237944,424
1430425608.253342,424
1430425608.268514,421
1430425608.282915,420
1430425608.298709,420
1430425608.314176,420
1430425608.329629,425
1430425608.344454,421
1430425608.361406,425
1430425608.377060,425
1430425608.391449,424
1430425608.406120,424
1430425608.422194,424
1430425608.438516,425
1430425608.453242,423
1430425608.468502,421
1430425608.483367,422
1430425608.500297,425
1430425608.514529,425
1430425608.529426,424
1430425608.545005,423
1430425608.559865,423
1430425608.575013,423
1430425608.589550,423
1430425608.605914,424
1430425608.619941,424
1430425608.634178,425
1430425608.649777,423
1430425608.665780,422
1430425608.680169,421
1430425608.696028,423
1430425608.710193,423
1430425608.724898,423
1430425608.739287,424
1430425608.753332,421
1430425608.768746,421
1430425608.782978,415
1430425608.797688,414
1430425608.812956,410
1430425608.828721,405
1430425608.843173,401
1430425608.857950,398
1430425608.872384,394
1430425608.887428,390
1430425608.901906,388
1430425608.916582,384
1430425608.931921,380
1430425608.947962,376
1430425608.961969,371
1430425608.979729,368
1430425608.993973,366
1430425609.009203,363
1430425609.023408,359
1430425609.039992,354
1430425609.054083,350
1430425609.068717,347
1430425609.083088,343
1430425609.098951,339
1430425609.115462,336
1430425609.131160,332
1430425609.146261,328
1430425609.160875,324
1430425609.175428,321
1430425609.189684,317
1430425609.204433,314
1430425609.219524,311
1430425609.233345,306
1430425609.249953,307
1430425609.264269,308
1430425609.279550,309
1430425609.293977,305
1430425609.310457,301
1430425609.326587,300
1430425609.342856,298
1430425609.358332,297
1430425609.374135,290
1430425609.389402,288
1430425609.405719,289
1430425609.420144,289
1430425609.436142,286
1430425609.450076,283
1430425609.464085,279
1430425609.478441,279
1430425609.492735,279
1430425609.508693,277
1430425609.523388,275
1430425609.538059,288
1430425609.552034,298
1430425609.567208,307
1430425609.581701,306
1430425609.597486,306
1430425609.612058,306
1430425609.626739,307
1430425609.641358,307
1430425609.656708,303
1430425609.671155,306
1430425609.687712,308
1430425609.703263,307
1430425609.718894,308
1430425609.733825,308
1430425609.748680,308
1430425609.763171,308
1430425609.778207,307
1430425609.796804,308
1430425609.811709,308
1430425609.826053,308
1430425609.843166,308
1430425609.860171,308
1430425609.875139,308
1430425609.889642,308
1430425609.904372,308
1430425609.919225,311
1430425609.935831,314
1430425609.950656,313
1430425609.966834,315
1430425609.981473,316
1430425609.997219,315
1430425610.011106,316
1430425610.027281,315
1430425610.042218,315
1430425610.058335,317
1430425610.073030,316
1430425610.088823,320
1430425610.102880,321
1430425610.117900,320
1430425610.132160,319
1430425610.147575,324
1430425610.162184,323
1430425610.177419,323
1430425610.191799,324
1430425610.206955,324
1430425610.220783,324
1430425610.235119,324
1430425610.253640,324
1430425610.269783,324
1430425610.284169,324
1430425610.299393,324
1430425610.313991,324
1430425610.329913,324
1430425610.344211,327
1430425610.360595,333
1430425610.376279,332
1430425610.393058,334
1430425610.409323,337
1430425610.424961,336
1430425610.440830,340
1430425610.456189,337
1430425610.471439,337
1430425610.487890,338
1430425610.501679,339
1430425610.517021,339
1430425610.531175,341
1430425610.545869,340
1430425610.560274,343
1430425610.574344,346
1430425610.590657,348
1430425610.607878,351
1430425610.622103,345
1430425610.637322,346
1430425610.651942,347
1430425610.666978,347
1430425610.681740,347
1430425610.698734,346
1430425610.713158,347
1430425610.727961,347
1430425610.741992,347
1430425610.756454,347
1430425610.779056,346
1430425610.793529,346
1430425610.809328,349
1430425610.823947,352
1430425610.839237,355
1430425610.853560,355
1430425610.868944,356
1430425610.883473,357
1430425610.898996,357
1430425610.913461,358
1430425610.928820,359
1430425610.943612,359
1430425610.958532,359
1430425610.978971,360
1430425610.995295,360
1430425611.009761,364
1430425611.026329,365
1430425611.040968,364
1430425611.056302,364
1430425611.070597,367
1430425611.085357,367
1430425611.100244,367
1430425611.116092,368
1430425611.130351,366
1430425611.144139,368
1430425611.159186,368
1430425611.173845,368
1430425611.189069,368
1430425611.203780,368
1430425611.218290,367
1430425611.232768,367
1430425611.247415,367
1430425611.262764,367
1430425611.277758,370
1430425611.295810,372
1430425611.310218,374
1430425611.326029,376
1430425611.342347,382
1430425611.357916,382
1430425611.373518,381
1430425611.388580,381
1430425611.403659,382
1430425611.418750,385
1430425611.433135,380
1430425611.447487,381
1430425611.461204,380
1430425611.475876,380
1430425611.490711,380
1430425611.506068,380
1430425611.520238,385
1430425611.533920,386
1430425611.549437,387
1430425611.565029,386
1430425611.579490,388
1430425611.593481,386
1430425611.615141,389
1430425611.629332,386
1430425611.643405,386
1430425611.659279,387
1430425611.674988,387
1430425611.689828,387
1430425611.706630,387
1430425611.720603,387
1430425611.736183,387
1430425611.750391,387
1430425611.764930,387
1430425611.779756,387
1430425611.794065,389
1430425611.810329,391
1430425611.826121,393
1430425611.842682,396
1430425611.857770,397
1430425611.872020,397
1430425611.886469,398
1430425611.902466,399
1430425611.916590,398
1430425611.932515,399
1430425611.947192,399
1430425611.963053,399
1430425611.977444,399
1430425611.992288,399
1430425612.008717,399
1430425612.022809,401
1430425612.037748,404
1430425612.052234,404
1430425612.069694,404
1430425612.083583,405
1430425612.104339,405
1430425612.120819,406
1430425612.135145,404
1430425612.151059,407
1430425612.165959,407
1430425612.181641,406
1430425612.196815,407
1430425612.211635,408
1430425612.227314,408
1430425612.241550,408
1430425612.255964,408
1430425612.271100,408
1430425612.285775,408
1430425612.299894,408
1430425612.314050,410
1430425612.329345,412
1430425612.344563,412
1430425612.360018,414
1430425612.375562,416
1430425612.389971,414
1430425612.405125,413
1430425612.420018,415
1430425612.437729,413
1430425612.451693,418
1430425612.467901,419
1430425612.482562,416
1430425612.498432,417
1430425612.513277,417
1430425612.527539,417
1430425612.541964,417
1430425612.556097,417
1430425612.570539,417
1430425612.586791,421
1430425612.604490,418
1430425612.620268,422
1430425612.634274,420
1430425612.651597,425
1430425612.666852,420
1430425612.681339,420
1430425612.696257,418
1430425612.711757,418
1430425612.726904,419
1430425612.740798,418
1430425612.756252,418
1430425612.770459,419
1430425612.786156,419
1430425612.801100,420
1430425612.815476,420
1430425612.830194,421
1430425612.844084,419
1430425612.859663,420
1430425612.878148,419
1430425612.893919,420
1430425612.909221,422
1430425612.924950,424
1430425612.939974,425
1430425612.953980,422
1430425612.969601,424
1430425612.983893,424
1430425613.006471,424
1430425613.021827,424
1430425613.036377,425
1430425613.051069,423
1430425613.065890,424
1430425613.080864,424
1430425613.096506,424
1430425613.110890,424
1430425613.126342,424
1430425613.141916,424
1430425613.156478,425
1430425613.171827,424
1430425613.187426,423
1430425613.201718,425
1430425613.217147,425
1430425613.232175,424
1430425613.247422,424
1430425613.261942,423
1430425613.276519,419
1430425613.291688,414
1430425613.305775,411
1430425613.319634,407
1430425613.334728,405
1430425613.349699,400
1430425613.364626,398
1430425613.379367,395
1430425613.394662,390
1430425613.408797,390
1430425613.423268,384
1430425613.439160,380
1430425613.455761,379
1430425613.471760,377
1430425613.487062,372
1430425613.502285,367
1430425613.516512,362
1430425613.531469,361
1430425613.546417,355
1430425613.561421,349
1430425613.576112,341
1430425613.591480,334
1430425613.606327,326
1430425613.620708,318
1430425613.635328,309
1430425613.651935,304
1430425613.667114,300
1430425613.681466,294
1430425613.696310,289
1430425613.711087,286
1430425613.726252,282
1430425613.744112,278
1430425613.760986,274
1430425613.775492,268
1430425613.792120,266
1430425613.807096,259
1430425613.821551,253
1430425613.835970,250
1430425613.849868,255
1430425613.865369,258
1430425613.879365,269
1430425613.895043,282
1430425613.910690,293
1430425613.925452,293
1430425613.940409,292
1430425613.954619,294
1430425613.971044,294
1430425613.986319,294
1430425614.001137,295
1430425614.015711,295
1430425614.030818,294
1430425614.044890,295
1430425614.059288,294
1430425614.074027,295
1430425614.089137,295
1430425614.107004,295
1430425614.121272,295
1430425614.137317,295
1430425614.152539,295
1430425614.167756,295
1430425614.182835,296
1430425614.198764,294
1430425614.214437,296
1430425614.230211,299
1430425614.246700,297
1430425614.262822,296
1430425614.278435,301
1430425614.292543,299
1430425614.307624,299
1430425614.322203,300
1430425614.337522,297
1430425614.352219,296
1430425614.367276,296
1430425614.381157,299
1430425614.397221,299
1430425614.411708,299
1430425614.426998,297
1430425614.441816,300
1430425614.457465,301
1430425614.472219,302
1430425614.487519,301
1430425614.501864,302
1430425614.521752,303
1430425614.537145,303
1430425614.552981,301
1430425614.569044,302
1430425614.583719,302
1430425614.599781,302
1430425614.615779,302
1430425614.629946,303
1430425614.645090,305
1430425614.659987,306
1430425614.675502,306
1430425614.690058,306
1430425614.705364,307
1430425614.719742,311
1430425614.734051,310
1430425614.749442,310
1430425614.763672,309
1430425614.780985,309
1430425614.796368,309
1430425614.810668,309
1430425614.827111,313
1430425614.845980,313
1430425614.861372,312
1430425614.882415,311
1430425614.899307,313
1430425614.914683,314
1430425614.929876,315
1430425614.944482,315
1430425614.961679,314
1430425614.976924,313
1430425614.991062,312
1430425615.005402,313
1430425615.022370,314
1430425615.037080,314
1430425615.051516,314
1430425615.066164,314
1430425615.079981,314
1430425615.093466,316
1430425615.107958,317
1430425615.121745,316
1430425615.137587,318
1430425615.152215,318
1430425615.167268,320
1430425615.183203,321
1430425615.197735,321
1430425615.212183,319
1430425615.227211,319
1430425615.241748,320
1430425615.256881,324
1430425615.271951,323
1430425615.287867,323
1430425615.301963,323
1430425615.317743,322
1430425615.332144,324
1430425615.346956,324
1430425615.362140,324
1430425615.378973,324
1430425615.393502,314
1430425615.408737,302
1430425615.424238,290
1430425615.439125,279
1430425615.453506,268
1430425615.468858,256
1430425615.483233,245
1430425615.498601,232
1430425615.512553,222
1430425615.527164,214
1430425615.541342,212
1430425615.556094,208
1430425615.571384,203
1430425615.590276,201
1430425615.605882,193
1430425615.620665,186
1430425615.644100,182
1430425615.661016,175
1430425615.675113,165
1430425615.690042,155
1430425615.706246,148
1430425615.721009,136
1430425615.735767,124
1430425615.752107,116
1430425615.767662,104
1430425615.782139,95
1430425615.799515,84
1430425615.815046,71
1430425615.837160,56
1430425615.851003,52
1430425615.866418,51
1430425615.880330,51
1430425615.895401,51
1430425615.910276,51
1430425615.925227,50
1430425615.939596,50
1430425615.954385,50
1430425615.969078,50
1430425615.982996,50
1430425615.998668,50
1430425616.012770,50
1430425616.028892,50
1430425616.043150,50
1430425616.056821,50
1430425616.070995,50
1430425616.086634,50
1430425616.100518,50
1430425616.114891,50
1430425616.129668,50
1430425616.143479,50
1430425616.159166,51
1430425616.174176,51
1430425616.189275,51
1430425616.203986,51
1430425616.219164,50
1430425616.234322,50
1430425616.248552,50
1430425616.263092,50
1430425616.278632,50
1430425616.294107,50
1430425616.313866,49
1430425616.330267,49
1430425616.344390,49
1430425616.360361,49
1430425616.375589,49
1430425616.389706,49
1430425616.404241,49
1430425616.419002,49
1430425616.435019,49
1430425616.450348,49
1430425616.465985,49
1430425616.480306,49
1430425616.496141,49
1430425616.510011,49
1430425616.524620,49
1430425616.539625,49
1430425616.554423,49
1430425616.569131,49
1430425616.583172,49
1430425616.598578,49
1430425616.613320,49
1430425616.628217,49
1430425616.642497,49
1430425616.657093,49
1430425616.671596,49
1430425616.686532,49
1430425616.700973,49
1430425616.716448,49
1430425616.730810,50
1430425616.753653,50
1430425616.771981,50
1430425616.786307,50
1430425616.801468,50
1430425616.815667,50
1430425616.831077,50
1430425616.846076,49
1430425616.859900,50
1430425616.875509,50
1430425616.889575,50
1430425616.905123,50
1430425616.920067,50
1430425616.935272,50
1430425616.950255,49
1430425616.964728,49
1430425616.979928,50
1430425616.995117,50
1430425617.009509,49
1430425617.025883,50
1430425617.040121,49
1430425617.058466,50
1430425617.073422,50
1430425617.088659,49
1430425617.105139,50
1430425617.121656,50
1430425617.136099,50
1430425617.152220,51
1430425617.166874,51
1430425617.180831,51
1430425617.195409,51
1430425617.211228,50
1430425617.225806,50
1430425617.240280,50
1430425617.256723,50
1430425617.271810,49
1430425617.288598,50
1430425617.303445,50
1430425617.320305,50
1430425617.336880,50
1430425617.352628,50
1430425617.368735,50
1430425617.383055,50
1430425617.400249,50
1430425617.415275,50
1430425617.429509,50
1430425617.446829,49
1430425617.460823,49
1430425617.476033,49
1430425617.490477,49
1430425617.507058,50
1430425617.520958,49
1430425617.534896,49
1430425617.550985,48
1430425617.566047,50
1430425617.581153,50
1430425617.596830,50
1430425617.612020,50
1430425617.628102,50
1430425617.642575,50
1430425617.657153,50
1430425617.672101,50
1430425617.686928,50
1430425617.701719,50
1430425617.716994,50
1430425617.732660,50
1430425617.748877,50
1430425617.762966,50
1430425617.779455,50
1430425617.794604,50
1430425617.809515,50
1430425617.824597,50
1430425617.839746,50
1430425617.853875,50
1430425617.868907,50
1430425617.883668,50
1430425617.898281,49
1430425617.913518,50
1430425617.928351,50
1430425617.942858,50
1430425617.958854,50
1430425617.972774,50
1430425617.987617,50
1430425618.003079,50
1430425618.018098,50
1430425618.033481,50
1430425618.048898,50
1430425618.062873,49
1430425618.077597,50
1430425618.092647,50
1430425618.107606,50
1430425618.122035,50
1430425618.137694,50
1430425618.151601,51
1430425618.167007,51
1430425618.180691,51
1430425618.195956,51
1430425618.212341,51
1430425618.226888,50
1430425618.240987,50
1430425618.256286,50
1430425618.271377,50
1430425618.294470,50
1430425618.309849,50
1430425618.325675,50
1430425618.339853,50
1430425618.353665,50
1430425618.370665,50
1430425618.391873,50
1430425618.409493,51
1430425618.424028,51
1430425618.440242,51
1430425618.455758,51
1430425618.470501,51
1430425618.484708,51
1430425618.498928,51
1430425618.512779,51
1430425618.528265,51
1430425618.542673,51
1430425618.558184,51
1430425618.573466,51
1430425618.589272,51
1430425618.603806,51
1430425618.618482,51
1430425618.632596,51
1430425618.647020,51
1430425618.661892,51
1430425618.676234,51
1430425618.690118,51
1430425618.705096,51
1430425618.720472,51
1430425618.736849,51
1430425618.751504,51
1430425618.766059,51
1430425618.780487,51
1430425618.798798,51
1430425618.813014,51
1430425618.828554,51
1430425618.843497,51
1430425618.859034,51
1430425618.876386,50
1430425618.890480,50
1430425618.905908,51
1430425618.920148,50
1430425618.934947,50
1430425618.955973,50
1430425618.970990,50
1430425618.985154,51
1430425618.999288,51
1430425619.014220,51
1430425619.028141,51
1430425619.042858,51
1430425619.058437,51
1430425619.072917,51
1430425619.089058,51
1430425619.103341,51
1430425619.118265,50
1430425619.132316,51
1430425619.147533,51
1430425619.162555,52
1430425619.178223,51
1430425619.192440,52
1430425619.209440,51
1430425619.226395,50
1430425619.240637,51
1430425619.256477,51
1430425619.270661,51
1430425619.287017,51
1430425619.301367,50
1430425619.318360,51
1430425619.331958,51
1430425619.347340,51
1430425619.361415,50
1430425619.376864,51
1430425619.391760,51
1430425619.407449,50
1430425619.422511,50
1430425619.438043,51
1430425619.452807,51
1430425619.467532,51
1430425619.483024,51
1430425619.498844,50
1430425619.512792,51
1430425619.526942,51
1430425619.540941,51
1430425619.555493,51
1430425619.570487,51
1430425619.585879,51
1430425619.601225,51
1430425619.616617,51
1430425619.631352,50
1430425619.646599,51
1430425619.661854,51
1430425619.675929,50
1430425619.690796,51
1430425619.705871,51
1430425619.720955,51
1430425619.735153,51
1430425619.750319,51
1430425619.770569,51
1430425619.790075,51
1430425619.822239,51
1430425619.839779,51
1430425619.854071,51
1430425619.871864,50
1430425619.886953,51
1430425619.903761,51
1430425619.918847,50
1430425619.937254,51
1430425619.954196,51
1430425619.969806,51
1430425619.984556,51
1430425620.000195,52
1430425620.016099,52
1430425620.031201,52
1430425620.047570,52
1430425620.063377,52
1430425620.078095,51
1430425620.092871,52
1430425620.107590,52
1430425620.122687,52
1430425620.137725,52
1430425620.154082,53
1430425620.168862,53
1430425620.183004,53
1430425620.198381,53
1430425620.212532,53
1430425620.228886,53
1430425620.244449,53
1430425620.259968,53
1430425620.275274,53
1430425620.294030,53
1430425620.309476,53
1430425620.323890,52
1430425620.340315,52
1430425620.357046,52
1430425620.371529,52
1430425620.387275,52
1430425620.407271,51
1430425620.422383,51
1430425620.439980,51
1430425620.455187,52
1430425620.471414,52
1430425620.486976,52
1430425620.501910,52
1430425620.520748,52
1430425620.537655,52
1430425620.552459,51
1430425620.566791,52
1430425620.584865,52
1430425620.600801,51
1430425620.615413,51
1430425620.629598,51
1430425620.646734,51
1430425620.661477,52
1430425620.677362,51
1430425620.692198,52
1430425620.707443,52
1430425620.722494,51
1430425620.738494,51
1430425620.756235,51
1430425620.770868,51
1430425620.786530,51
1430425620.803871,51
1430425620.819144,51
1430425620.832781,51
1430425620.850040,51
1430425620.864607,51
1430425620.879795,51
1430425620.894565,51
1430425620.909298,52
1430425620.924388,51
1430425620.939425,52
1430425620.956162,52
1430425620.971354,52
1430425620.987107,52
1430425621.002905,52
1430425621.017728,51
1430425621.033304,52
1430425621.049285,52
1430425621.063880,51
1430425621.078432,51
1430425621.092737,52
1430425621.106917,52
1430425621.120775,51
1430425621.135930,51
1430425621.150429,52
1430425621.165512,53
1430425621.179674,53
1430425621.194364,53
1430425621.209288,53
1430425621.223625,52
1430425621.239116,52
1430425621.254956,52
1430425621.269754,52
1430425621.285446,51
1430425621.301224,52
1430425621.315714,52
1430425621.331182,52
1430425621.351722,52
1430425621.367320,52
1430425621.382644,52
1430425621.399170,52
1430425621.414250,52
1430425621.429959,52
1430425621.446467,52
1430425621.460690,52
1430425621.476498,51
1430425621.490497,52
1430425621.506577,52
1430425621.521442,52
1430425621.536605,52
1430425621.552100,52
1430425621.567147,52
1430425621.581221,52
1430425621.597687,52
1430425621.611848,52
1430425621.626435,52
1430425621.641214,52
1430425621.656610,51
1430425621.671045,52
1430425621.685758,52
1430425621.699803,52
1430425621.713802,52
1430425621.729166,52
1430425621.748340,51
1430425621.763308,52
1430425621.777328,52
1430425621.791656,52
1430425621.806442,52
1430425621.821708,52
1430425621.837895,52
1430425621.852268,52
1430425621.873628,52
1430425621.888498,52
1430425621.902834,52
1430425621.918932,52
1430425621.933647,52
1430425621.949092,52
1430425621.963493,52
1430425621.978254,52
1430425621.993348,52
1430425622.008301,52
1430425622.023534,52
1430425622.040856,52
1430425622.060379,52
1430425622.076260,52
1430425622.091273,52
1430425622.106447,52
1430425622.121745,52
1430425622.137309,52
1430425622.150943,51
1430425622.166034,53
1430425622.180614,53
1430425622.195301,53
1430425622.211242,53
1430425622.226283,52
1430425622.240102,52
1430425622.256456,52
1430425622.270927,52
1430425622.288862,52
1430425622.304942,53
1430425622.319957,53
1430425622.335183,53
1430425622.351244,53
1430425622.365166,53
1430425622.380097,53
1430425622.394523,53
1430425622.409238,53
1430425622.425198,53
1430425622.439559,52
1430425622.453925,53
1430425622.468534,53
1430425622.483114,53
1430425622.497413,53
1430425622.511629,53
1430425622.526421,53
1430425622.540602,53
1430425622.555361,53
1430425622.570003,53
1430425622.583944,53
1430425622.598727,53
1430425622.612968,53
1430425622.628153,53
1430425622.642418,53
1430425622.657955,52
1430425622.672805,53
1430425622.691050,53
1430425622.706090,53
1430425622.721654,53
1430425622.736776,53
1430425622.752204,53
1430425622.767460,53
1430425622.782070,53
1430425622.797271,53
1430425622.812288,53
1430425622.827618,53
1430425622.842964,53
1430425622.857303,53
1430425622.871321,53
1430425622.886138,53
1430425622.900234,53
1430425622.914333,53
1430425622.929215,53
1430425622.944584,53
1430425622.959782,53
1430425622.973453,53
1430425622.988865,53
1430425623.004622,53
1430425623.020788,53
1430425623.036986,53
1430425623.053757,53
1430425623.069942,53
1430425623.085168,53
1430425623.099794,52
1430425623.117749,53
1430425623.133997,53
1430425623.148691,53
1430425623.162740,54
1430425623.177468,54
1430425623.191304,54
1430425623.206157,54
1430425623.221326,53
1430425623.236172,53
1430425623.252064,53
1430425623.266286,53
1430425623.281390,53
1430425623.297028,53
1430425623.311691,53
1430425623.325795,53
1430425623.340166,53
1430425623.355950,53
1430425623.373953,52
1430425623.389208,52
1430425623.403644,52
1430425623.418187,52
1430425623.433329,53
1430425623.448903,52
1430425623.463054,52
1430425623.477959,52
1430425623.491948,52
1430425623.506639,52
1430425623.521916,53
1430425623.537971,52
1430425623.552648,52
1430425623.568008,52
1430425623.582254,53
1430425623.597301,52
1430425623.611048,53
1430425623.626055,53
1430425623.640755,52
1430425623.655426,53
1430425623.671271,52
1430425623.685591,53
1430425623.699771,53
1430425623.714217,53
1430425623.728719,53
1430425623.742957,52
1430425623.758315,52
1430425623.772067,53
1430425623.786990,53
1430425623.801959,52
1430425623.815891,53
1430425623.832331,53
1430425623.848145,53
1430425623.864084,53
1430425623.878107,53
1430425623.892498,53
1430425623.906934,53
1430425623.923181,53
1430425623.939614,52
1430425623.953860,52
1430425623.968233,53
1430425623.982622,52
1430425623.998918,52
1430425624.013869,53
1430425624.028457,53
1430425624.044614,53
1430425624.059897,53
1430425624.076577,53
1430425624.096370,53
1430425624.112148,53
1430425624.127910,53
1430425624.142635,52
1430425624.157957,53
1430425624.172743,53
1430425624.187423,53
1430425624.201853,53
1430425624.216931,53
1430425624.231680,52
1430425624.246405,52
1430425624.262150,52
1430425624.276881,52
1430425624.290661,52
1430425624.305279,52
1430425624.319852,52
1430425624.335398,52
1430425624.350443,52
1430425624.365016,52
1430425624.380699,52
1430425624.395322,52
1430425624.409994,52
1430425624.424917,52
1430425624.439246,52
1430425624.454608,52
1430425624.469203,52
1430425624.483451,52
1430425624.498651,52
1430425624.513104,42
1430425624.528310,29
1430425624.542586,18
1430425624.557240,5
1430425624.571258,0
1430425624.586695,0
1430425624.600829,0
1430425624.615261,1
1430425624.633392,0
1430425624.653559,0
1430425624.669726,0
1430425624.683900,0
1430425624.702822,0
1430425624.719237,0
1430425624.734549,0
1430425624.750516,0
1430425624.764908,0
1430425624.780308,0
1430425624.795907,0
1430425624.810613,0
1430425624.824938,0
1430425624.843646,0
1430425624.862759,0
1430425624.878128,0
1430425624.892346,0
1430425624.907778,0
1430425624.923001,0
1430425624.938203,0
1430425624.955570,0
1430425624.969807,0
1430425624.985341,0
1430425625.002651,0
1430425625.019845,0
1430425625.035485,0
1430425625.050483,0
1430425625.065851,0
1430425625.081649,0
1430425625.102025,0
1430425625.120251,0
1430425625.134671,0
1430425625.150678,0
