1430426000.306607,0
1430426000.322520,2
1430426000.337340,0
1430426000.351538,0
1430426000.366139,6
1430426000.380281,4
1430426000.395389,0
1430426000.410171,3
1430426000.425526,9
1430426000.442767,3
1430426000.457885,7
1430426000.472024,9
1430426000.487283,10
1430426000.501137,9
1430426000.515879,9
1430426000.530679,10
1430426000.547449,9
1430426000.561809,9
1430426000.579210,9
1430426000.593001,9
1430426000.608484,9
1430426000.623445,10
1430426000.638814,10
1430426000.653972,10
1430426000.669497,10
1430426000.683805,10
1430426000.700753,10
1430426000.716132,10
1430426000.731237,10
1430426000.746000,10
1430426000.760239,10
1430426000.776211,10
1430426000.791410,10
1430426000.807123,10
1430426000.821270,10
1430426000.836193,10
1430426000.856522,10
1430426000.871612,10
1430426000.886987,10
1430426000.901446,10
1430426000.916095,10
1430426000.930696,10
1430426000.946912,10
1430426000.961233,10
1430426000.976597,10
1430426000.991403,10
1430426001.006118,10
1430426001.020547,10
1430426001.036123,10
1430426001.050131,10
1430426001.065992,10
1430426001.081306,10
1430426001.096793,10
1430426001.110770,10
1430426001.125565,10
1430426001.140612,9
1430426001.156686,10
1430426001.171249,9
1430426001.186447,10
1430426001.200900,10
1430426001.217070,10
1430426001.231524,9
1430426001.246948,10
1430426001.261568,10
1430426001.276627,10
1430426001.290848,10
1430426001.309233,10
1430426001.324637,10
1430426001.339703,10
1430426001.354312,10
1430426001.370224,10
1430426001.384544,9
1430426001.398864,10
1430426001.413981,10
1430426001.428528,10
1430426001.442613,10
1430426001.457156,10
1430426001.472044,10
1430426001.486605,10
1430426001.500887,10
1430426001.515255,10
1430426001.530113,10
1430426001.543933,10
1430426001.559211,10
1430426001.574894,10
1430426001.589397,10
1430426001.603823,10
1430426001.619095,10
1430426001.634459,10
1430426001.650329,10
1430426001.664444,10
1430426001.679725,10
1430426001.694508,10
1430426001.710159,10
1430426001.725596,10
1430426001.740220,10
1430426001.755895,10
1430426001.770091,10
1430426001.783784,10
1430426001.799688,10
1430426001.813887,10
1430426001.828166,10
1430426001.843255,10
1430426001.859263,10
1430426001.874326,10
1430426001.888993,10
1430426001.904130,10
1430426001.918710,10
1430426001.933860,10
1430426001.950115,10
1430426001.964695,10
1430426001.979307,10
1430426001.993187,10
1430426002.009514,10
1430426002.023639,10
1430426002.038965,9
1430426002.053556,10
1430426002.069434,10
1430426002.085238,10
1430426002.100153,10
1430426002.118183,10
1430426002.132767,10
1430426002.151394,9
1430426002.166906,9
1430426002.181868,9
1430426002.197426,10
1430426002.215476,10
1430426002.230121,10
1430426002.245086,10
1430426002.259949,10
1430426002.274694,10
1430426002.289210,10
1430426002.304354,10
1430426002.321907,10
1430426002.337029,10
1430426002.352214,10
1430426002.366689,10
1430426002.380965,10
1430426002.395477,10
1430426002.410985,10
1430426002.425989,10
1430426002.447486,10
1430426002.461553,9
1430426002.476414,9
1430426002.491664,10
1430426002.508222,9
1430426002.522673,10
1430426002.537297,9
1430426002.552033,10
1430426002.567326,10
1430426002.582599,10
1430426002.597478,10
1430426002.611544,10
1430426002.627734,10
1430426002.642411,10
1430426002.656732,10
1430426002.670867,10
1430426002.685266,10
1430426002.699441,10
1430426002.713528,10
1430426002.728028,10
1430426002.741922,10
1430426002.756505,10
1430426002.771314,10
1430426002.785709,10
1430426002.800431,10
1430426002.815873,10
1430426002.830832,10
1430426002.845672,10
1430426002.859450,10
1430426002.874343,10
1430426002.889812,10
1430426002.904509,10
1430426002.919861,10
1430426002.935000,10
1430426002.949590,10
1430426002.963973,10
1430426002.978281,10
1430426002.995331,10
1430426003.010072,10
1430426003.025725,10
1430426003.042274,10
1430426003.063323,10
1430426003.081091,11
1430426003.096033,11
1430426003.110544,11
1430426003.124862,11
1430426003.140888,11
1430426003.155948,11
1430426003.171190,11
1430426003.185988,10
1430426003.201340,11
1430426003.216272,10
1430426003.230624,11
1430426003.244939,11
1430426003.259499,11
1430426003.275402,10
1430426003.289777,11
1430426003.304069,12
1430426003.320174,11
1430426003.334058,10
1430426003.348872,10
1430426003.363700,11
1430426003.379124,11
1430426003.393712,11
1430426003.408715,10
1430426003.422887,11
1430426003.437972,10
1430426003.451981,11
1430426003.467288,10
1430426003.482003,10
1430426003.497222,10
1430426003.511324,11
1430426003.525139,11
1430426003.539227,11
1430426003.553897,11
1430426003.568563,10
1430426003.582874,12
1430426003.598281,10
1430426003.613959,10
1430426003.627771,11
1430426003.642390,10
1430426003.657950,12
1430426003.672030,10
1430426003.687510,11
1430426003.703524,11
1430426003.719585,11
1430426003.735777,11
1430426003.750358,11
1430426003.765430,11
1430426003.780134,11
1430426003.795688,11
1430426003.810321,11
1430426003.827576,11
1430426003.841719,11
1430426003.856203,11
1430426003.871523,11
1430426003.886989,11
1430426003.902314,11
1430426003.917969,11
1430426003.931717,10
1430426003.947206,10
1430426003.961835,10
1430426003.977616,10
1430426003.992471,11
1430426004.007675,10
1430426004.021534,11
1430426004.035905,10
1430426004.050048,10
1430426004.064267,11
1430426004.079102,10
1430426004.094564,10
1430426004.109083,11
1430426004.123098,11
1430426004.142834,11
1430426004.159382,11
1430426004.173536,10
1430426004.187771,10
1430426004.202235,10
1430426004.216707,10
1430426004.231558,10
1430426004.246841,10
1430426004.261437,10
1430426004.277410,9
1430426004.292409,10
1430426004.308425,10
1430426004.322831,10
1430426004.337487,10
1430426004.353010,10
1430426004.367922,10
1430426004.383032,10
1430426004.397550,10
1430426004.411680,10
1430426004.425694,10
1430426004.440901,10
1430426004.455853,10
1430426004.470328,10
1430426004.487603,10
1430426004.501803,10
1430426004.516615,10
1430426004.532516,10
1430426004.551341,10
1430426004.566830,11
1430426004.580818,11
1430426004.598092,11
1430426004.612950,11
1430426004.626989,11
1430426004.641449,11
1430426004.656239,11
1430426004.671013,11
1430426004.685683,12
1430426004.701881,11
1430426004.716313,11
1430426004.730647,11
1430426004.745524,11
1430426004.760867,11
1430426004.777336,11
1430426004.793779,11
1430426004.809645,12
1430426004.825644,11
1430426004.839765,11
1430426004.854054,11
1430426004.869324,11
1430426004.883587,11
1430426004.898833,11
1430426004.914479,11
1430426004.928940,11
1430426004.942964,11
1430426004.957357,11
1430426004.972231,11
1430426004.986525,11
1430426005.001361,11
1430426005.016601,11
1430426005.030676,11
1430426005.046584,11
1430426005.060912,11
1430426005.076390,11
1430426005.091085,11
1430426005.106726,11
1430426005.121791,11
1430426005.135962,11
1430426005.150370,11
1430426005.168232,11
1430426005.184928,11
1430426005.199635,11
1430426005.213619,11
1430426005.229443,11
1430426005.246490,11
1430426005.260897,11
1430426005.275691,11
1430426005.289827,11
1430426005.306292,11
1430426005.321873,12
1430426005.337336,11
1430426005.353014,11
1430426005.369227,11
1430426005.383971,10
1430426005.401402,11
1430426005.416695,11
1430426005.431391,11
1430426005.446729,11
1430426005.461908,11
1430426005.476985,11
1430426005.491728,11
1430426005.507427,11
1430426005.521847,11
1430426005.537194,11
1430426005.552720,11
1430426005.567567,11
1430426005.582654,11
1430426005.598206,11
1430426005.612444,10
1430426005.626777,11
1430426005.643416,11
1430426005.659408,11
1430426005.675018,11
1430426005.689259,11
1430426005.710626,12
1430426005.730916,11
1430426005.746135,11
1430426005.760263,11
1430426005.774005,11
1430426005.789388,11
1430426005.803496,10
1430426005.820147,11
1430426005.837011,11
1430426005.851766,11
1430426005.865993,11
1430426005.880213,11
1430426005.895096,11
1430426005.909659,11
1430426005.925379,11
1430426005.940289,11
1430426005.958143,10
1430426005.972937,10
1430426005.988112,11
1430426006.002875,11
1430426006.019346,11
1430426006.035322,11
1430426006.049791,11
1430426006.064181,11
1430426006.079342,11
1430426006.094078,11
1430426006.109981,11
1430426006.125509,11
1430426006.140673,11
1430426006.156300,11
1430426006.170728,11
1430426006.185728,11
1430426006.199713,11
1430426006.214239,11
1430426006.228104,11
1430426006.242488,11
1430426006.257387,11
1430426006.271427,11
1430426006.287154,11
1430426006.301385,11
1430426006.316683,11
1430426006.331680,11
1430426006.346688,11
1430426006.361317,11
1430426006.381017,11
1430426006.395885,11
1430426006.409996,11
1430426006.425562,11
1430426006.440562,11
1430426006.455496,11
1430426006.469434,11
1430426006.484549,11
1430426006.498702,11
1430426006.512602,10
1430426006.527599,11
1430426006.541801,11
1430426006.557932,11
1430426006.571840,11
1430426006.586619,11
1430426006.602188,11
1430426006.617241,11
1430426006.632287,11
1430426006.648613,11
1430426006.665867,11
1430426006.680166,11
1430426006.695086,12
1430426006.711439,11
1430426006.727107,10
1430426006.741619,10
1430426006.756861,11
1430426006.772837,11
1430426006.788595,11
1430426006.803866,11
1430426006.819633,11
1430426006.838016,11
1430426006.852375,11
1430426006.867120,11
1430426006.881987,11
1430426006.905450,10
1430426006.920700,10
1430426006.936076,10
1430426006.951380,10
1430426006.966828,9
1430426006.987965,10
1430426007.002258,10
1430426007.017709,9
1430426007.031821,10
1430426007.047006,10
1430426007.061181,10
1430426007.075696,10
1430426007.090331,10
1430426007.105330,10
1430426007.120679,10
1430426007.135376,9
1430426007.150380,9
1430426007.166217,9
1430426007.180779,10
1430426007.195504,10
1430426007.210304,10
1430426007.226234,10
1430426007.241536,10
1430426007.256709,10
1430426007.270758,9
1430426007.286577,10
1430426007.302134,10
1430426007.317491,10
1430426007.331637,10
1430426007.346900,10
1430426007.361165,10
1430426007.376060,10
1430426007.389883,10
1430426007.404506,10
1430426007.418723,10
1430426007.432839,10
1430426007.447396,10
1430426007.462028,10
1430426007.476925,10
1430426007.493168,10
1430426007.508262,10
1430426007.523133,10
1430426007.537894,10
1430426007.552354,10
1430426007.566933,10
1430426007.581805,10
1430426007.596418,11
1430426007.610817,10
1430426007.625774,11
1430426007.640412,11
1430426007.656495,11
1430426007.671517,12
1430426007.687078,12
1430426007.701113,12
1430426007.717598,12
1430426007.731913,12
1430426007.749043,11
1430426007.764949,12
1430426007.779526,12
1430426007.793714,12
1430426007.808187,12
1430426007.823037,11
1430426007.837695,12
1430426007.852382,12
1430426007.866726,12
1430426007.880858,12
1430426007.895881,12
1430426007.909991,12
1430426007.923878,12
1430426007.939464,12
1430426007.953702,12
1430426007.969021,12
1430426007.986606,12
1430426008.001749,12
1430426008.016952,12
1430426008.033474,12
1430426008.050552,12
1430426008.065632,11
1430426008.080174,12
1430426008.095897,12
1430426008.110384,12
1430426008.126133,12
1430426008.141557,12
1430426008.157750,12
1430426008.172708,12
1430426008.188674,11
1430426008.203455,12
1430426008.220818,12
1430426008.236212,12
1430426008.251506,12
1430426008.265714,12
1430426008.280022,12
1430426008.294410,12
1430426008.310418,12
1430426008.325620,12
1430426008.339733,11
1430426008.354628,12
1430426008.370104,12
1430426008.384621,12
1430426008.399939,12
1430426008.414896,11
1430426008.428848,12
1430426008.444176,11
1430426008.458787,11
1430426008.475679,10
1430426008.490417,12
1430426008.504528,11
1430426008.520445,12
1430426008.535695,12
1430426008.550333,12
1430426008.566239,12
1430426008.580567,12
1430426008.595540,11
1430426008.612129,11
1430426008.627589,12
1430426008.641452,12
1430426008.656144,12
1430426008.671641,12
1430426008.687969,11
1430426008.702922,13
1430426008.717674,12
1430426008.731783,12
1430426008.748492,12
1430426008.762801,12
1430426008.777089,12
1430426008.792364,11
1430426008.808455,12
1430426008.823505,12
1430426008.840335,12
1430426008.855077,12
1430426008.868805,11
1430426008.886006,11
1430426008.901440,11
1430426008.917137,11
1430426008.932555,11
1430426008.948634,11
1430426008.962630,11
1430426008.977351,11
1430426008.991713,12
1430426009.007519,12
1430426009.022362,12
1430426009.037110,12
1430426009.051857,12
1430426009.067455,12
1430426009.081560,12
1430426009.097149,12
1430426009.111464,11
1430426009.126352,12
1430426009.141854,12
1430426009.158413,12
1430426009.172670,12
1430426009.189492,12
1430426009.204348,11
1430426009.219414,11
1430426009.235152,11
1430426009.256009,12
1430426009.270939,11
1430426009.288016,12
1430426009.303212,11
1430426009.318557,12
1430426009.333253,12
1430426009.349229,12
1430426009.363584,12
1430426009.379270,12
1430426009.396134,12
1430426009.411152,11
1430426009.425918,12
1430426009.440108,11
1430426009.456066,12
1430426009.470643,11
1430426009.485138,12
1430426009.500246,11
1430426009.515364,11
1430426009.529429,12
1430426009.545217,11
1430426009.559452,11
1430426009.574202,12
1430426009.589226,12
1430426009.604061,11
1430426009.619808,11
1430426009.635195,11
1430426009.649821,12
1430426009.664637,12
1430426009.679895,13
1430426009.695839,12
1430426009.710384,12
1430426009.726877,12
1430426009.740622,12
1430426009.755614,12
1430426009.769926,12
1430426009.785397,12
1430426009.801491,12
1430426009.816545,12
1430426009.831597,12
1430426009.845902,12
1430426009.860253,12
1430426009.874436,12
1430426009.888430,12
1430426009.903161,12
1430426009.918466,13
1430426009.933261,13
1430426009.950650,13
1430426009.965893,13
1430426009.980586,13
1430426009.996135,13
1430426010.013849,13
1430426010.029010,13
1430426010.043004,12
1430426010.057074,13
1430426010.071526,13
1430426010.086518,13
1430426010.100548,13
1430426010.116398,13
1430426010.130288,12
1430426010.145921,13
1430426010.161053,13
1430426010.176134,12
1430426010.190644,12
1430426010.205345,13
1430426010.220109,12
1430426010.235380,13
1430426010.251217,13
1430426010.265717,12
1430426010.280235,13
1430426010.294998,13
1430426010.309649,12
1430426010.325704,13
1430426010.340745,14
1430426010.355866,13
1430426010.369790,13
1430426010.385088,20
1430426010.399398,22
1430426010.413981,22
1430426010.428296,22
1430426010.442963,35
1430426010.458503,42
1430426010.473440,42
1430426010.488170,45
1430426010.503538,56
1430426010.518835,69
1430426010.532553,79
1430426010.547386,82
1430426010.561411,81
1430426010.578723,87
1430426010.593245,99
1430426010.608744,109
1430426010.623939,121
1430426010.638286,133
1430426010.653015,143
1430426010.668495,153
1430426010.683733,162
1430426010.699339,161
1430426010.714913,168
1430426010.729466,179
1430426010.746902,189
1430426010.762080,199
1430426010.776495,208
1430426010.793250,217
1430426010.809173,229
1430426010.824321,238
1430426010.839632,246
1430426010.855139,257
1430426010.870301,267
1430426010.886821,279
1430426010.901458,289
1430426010.916999,297
1430426010.931073,305
1430426010.945708,317
1430426010.960803,322
1430426010.976360,322
1430426010.992346,331
1430426011.006579,340
1430426011.020678,350
1430426011.035720,362
1430426011.050605,373
1430426011.065888,385
1430426011.081522,399
1430426011.096491,411
1430426011.110272,422
1430426011.125269,425
1430426011.140116,425
1430426011.155130,425
1430426011.169181,425
1430426011.185826,425
1430426011.201061,425
1430426011.217025,425
1430426011.232371,425
1430426011.247176,424
1430426011.261642,425
1430426011.276616,425
1430426011.291547,425
1430426011.306702,424
1430426011.322988,424
1430426011.337949,424
1430426011.352103,424
1430426011.366461,424
1430426011.380211,425
1430426011.395873,424
1430426011.410502,425
1430426011.425445,424
1430426011.439382,424
1430426011.455165,424
1430426011.469439,425
1430426011.483699,425
1430426011.499309,424
1430426011.513606,424
1430426011.528936,425
1430426011.543211,425
1430426011.559088,424
1430426011.573873,424
1430426011.590454,424
1430426011.606392,425
1430426011.621592,425
1430426011.636746,424
1430426011.651285,425
1430426011.666848,425
1430426011.682056,422
1430426011.698307,420
1430426011.712531,420
1430426011.732195,417
1430426011.747347,415
1430426011.761795,416
1430426011.777832,417
1430426011.793701,417
1430426011.809619,419
1430426011.824627,423
1430426011.845499,423
1430426011.860468,422
1430426011.876095,424
1430426011.890586,424
1430426011.907970,424
1430426011.922571,422
1430426011.937924,420
1430426011.953071,421
1430426011.967711,425
1430426011.982053,425
1430426011.999821,425
1430426012.014560,422
1430426012.029668,425
1430426012.043798,422
1430426012.060319,425
1430426012.076846,424
1430426012.091690,424
1430426012.108608,424
1430426012.124141,424
1430426012.139705,424
1430426012.153792,425
1430426012.170934,424
1430426012.185994,425
1430426012.201160,424
1430426012.215827,424
1430426012.230051,424
1430426012.246890,424
1430426012.265036,425
1430426012.279724,424
1430426012.294243,425
1430426012.309582,424
1430426012.325917,425
1430426012.340467,425
1430426012.355230,424
1430426012.370370,424
1430426012.384536,425
1430426012.401059,424
1430426012.415405,425
1430426012.430093,425
1430426012.445391,425
1430426012.460071,424
1430426012.475145,425
1430426012.490124,425
1430426012.508238,424
1430426012.523718,424
1430426012.539445,424
1430426012.554730,425
1430426012.569596,425
1430426012.584157,425
1430426012.600898,425
1430426012.616397,425
1430426012.631434,425
1430426012.647632,425
1430426012.664728,421
1430426012.681621,421
1430426012.698972,423
1430426012.717296,425
1430426012.734010,413
1430426012.748513,406
1430426012.762613,399
1430426012.776925,391
1430426012.791685,382
1430426012.807432,379
1430426012.821416,380
1430426012.836959,381
1430426012.855665,381
1430426012.869956,381
1430426012.885701,382
1430426012.899751,384
1430426012.914531,385
1430426012.929973,380
1430426012.944213,367
1430426012.958644,361
1430426012.973003,349
1430426012.987734,337
1430426013.002268,333
1430426013.016723,332
1430426013.030645,333
1430426013.044897,332
1430426013.059225,332
1430426013.074545,333
1430426013.090123,332
1430426013.104943,333
1430426013.120527,333
1430426013.135990,335
1430426013.150211,338
1430426013.164375,335
1430426013.178789,333
1430426013.192695,338
1430426013.208412,339
1430426013.223977,341
1430426013.240383,351
1430426013.255431,365
1430426013.269832,376
1430426013.284317,388
1430426013.300352,399
1430426013.316535,408
1430426013.330929,420
1430426013.347238,425
1430426013.361760,425
1430426013.378485,425
1430426013.398667,425
1430426013.417554,425
1430426013.431677,425
1430426013.447433,425
1430426013.462459,425
1430426013.476457,422
1430426013.490770,423
1430426013.505788,423
1430426013.520235,423
1430426013.534599,422
1430426013.550859,422
1430426013.565300,422
1430426013.580439,413
1430426013.595197,401
1430426013.609000,391
1430426013.626621,395
1430426013.640584,398
1430426013.655542,405
1430426013.670196,401
1430426013.695030,396
1430426013.711265,399
1430426013.726183,393
1430426013.740043,390
1430426013.755061,387
1430426013.770229,385
1430426013.784099,383
1430426013.799640,381
1430426013.814923,380
1430426013.830289,377
1430426013.846431,375
1430426013.861690,372
1430426013.876517,370
1430426013.890512,367
1430426013.904602,360
1430426013.918923,359
1430426013.933486,360
1430426013.948872,353
1430426013.965789,352
1430426013.979591,359
1430426013.998832,370
1430426014.016782,371
1430426014.031939,362
1430426014.050412,351
1430426014.066143,352
1430426014.082132,353
1430426014.101363,353
1430426014.119485,353
1430426014.136204,353
1430426014.150045,353
1430426014.165949,353
1430426014.180204,353
1430426014.195067,353
1430426014.210351,353
1430426014.227420,353
1430426014.241394,347
1430426014.258084,341
1430426014.272094,333
1430426014.290438,324
1430426014.304785,317
1430426014.319148,313
1430426014.333879,308
1430426014.349058,304
1430426014.365252,298
1430426014.379877,297
1430426014.394456,292
1430426014.409625,285
1430426014.423709,279
1430426014.438595,275
1430426014.454971,273
1430426014.470101,268
1430426014.485388,267
1430426014.500829,273
1430426014.516006,281
1430426014.530524,287
1430426014.545012,293
1430426014.560140,301
1430426014.575680,312
1430426014.590281,324
1430426014.604589,336
1430426014.620087,349
1430426014.635093,361
1430426014.651959,375
1430426014.669418,389
1430426014.685119,402
1430426014.700782,416
1430426014.715498,423
1430426014.729338,422
1430426014.744533,423
1430426014.762591,423
1430426014.776725,423
1430426014.791667,423
1430426014.806420,422
1430426014.822578,421
1430426014.839512,421
1430426014.857931,424
1430426014.873103,418
1430426014.887746,416
1430426014.901756,415
1430426014.917824,412
1430426014.932245,411
1430426014.946852,406
1430426014.960661,406
1430426014.975264,404
1430426014.990046,402
1430426015.006766,400
1430426015.021982,399
1430426015.038232,398
1430426015.052820,395
1430426015.067289,393
1430426015.081828,391
1430426015.097287,390
1430426015.110821,388
1430426015.125662,387
1430426015.140753,385
1430426015.156487,383
1430426015.171612,380
1430426015.186193,378
1430426015.201005,376
1430426015.216326,374
1430426015.230327,373
1430426015.245271,371
1430426015.259369,370
1430426015.273717,367
1430426015.288734,368
1430426015.303041,368
1430426015.317648,369
1430426015.331672,369
1430426015.348697,370
1430426015.362519,370
1430426015.379389,370
1430426015.395884,370
1430426015.409864,370
1430426015.425191,368
1430426015.440116,371
1430426015.454998,371
1430426015.470033,371
1430426015.486094,370
1430426015.500698,369
1430426015.516121,370
1430426015.531391,369
1430426015.545095,370
1430426015.559491,369
1430426015.575552,368
1430426015.590016,369
1430426015.605279,369
1430426015.620408,367
1430426015.636936,366
1430426015.652845,367
1430426015.669699,366
1430426015.683739,365
1430426015.699895,365
1430426015.714176,364
1430426015.728854,363
1430426015.742449,365
1430426015.757265,363
1430426015.771936,363
1430426015.786604,364
1430426015.801207,364
1430426015.815646,361
1430426015.829680,361
1430426015.845387,360
1430426015.859786,361
1430426015.874297,359
1430426015.889389,358
1430426015.904085,358
1430426015.919110,359
1430426015.934152,360
1430426015.949781,360
1430426015.964226,360
1430426015.979722,360
1430426015.995732,359
1430426016.011451,362
1430426016.025906,361
1430426016.040405,359
1430426016.055026,359
1430426016.069950,362
1430426016.087032,360
1430426016.101891,360
1430426016.117657,359
1430426016.131416,360
1430426016.150864,362
1430426016.166374,360
1430426016.180579,359
1430426016.195704,357
1430426016.209689,360
1430426016.224330,359
1430426016.239402,359
1430426016.256127,361
1430426016.270268,362
1430426016.286603,358
1430426016.300450,359
1430426016.316077,359
1430426016.332085,359
1430426016.349546,360
1430426016.363476,359
1430426016.378873,360
1430426016.396693,359
1430426016.411054,360
1430426016.431206,365
1430426016.452371,363
1430426016.468559,361
1430426016.482611,361
1430426016.497638,362
1430426016.513627,360
1430426016.528570,360
1430426016.542922,362
1430426016.557721,361
1430426016.572162,360
1430426016.586432,361
1430426016.600535,360
1430426016.614729,362
1430426016.629675,362
1430426016.644348,361
1430426016.659150,361
1430426016.674057,360
1430426016.688937,359
1430426016.703104,361
1430426016.717906,360
1430426016.732652,360
1430426016.747365,362
1430426016.762146,362
1430426016.778163,361
1430426016.792798,360
1430426016.808275,359
1430426016.823372,359
1430426016.838695,359
1430426016.852580,358
1430426016.866599,358
1430426016.881984,359
1430426016.896757,358
1430426016.911008,363
1430426016.927538,363
1430426016.943780,362
1430426016.960639,365
1430426016.976443,361
1430426016.992302,364
1430426017.008665,365
1430426017.023963,365
1430426017.039597,363
1430426017.055436,363
1430426017.070159,364
1430426017.087746,364
1430426017.103216,363
1430426017.117718,364
1430426017.131858,362
1430426017.148073,361
1430426017.163303,363
1430426017.177338,363
1430426017.194416,363
1430426017.209634,365
1430426017.224285,362
1430426017.238245,363
1430426017.253344,365
1430426017.268355,362
1430426017.282669,361
1430426017.300267,363
1430426017.315624,362
1430426017.330389,362
1430426017.344897,362
1430426017.359904,362
1430426017.376553,363
1430426017.395885,363
1430426017.410340,362
1430426017.425823,362
1430426017.440358,364
1430426017.454644,362
1430426017.469364,362
1430426017.484461,361
1430426017.499040,364
1430426017.513255,364
1430426017.528711,363
1430426017.543410,363
1430426017.558094,363
1430426017.572797,363
1430426017.587529,362
1430426017.602310,363
1430426017.617769,364
1430426017.631871,364
1430426017.646276,362
1430426017.660843,362
1430426017.675778,362
1430426017.690514,364
1430426017.705995,363
1430426017.720351,364
1430426017.734620,362
1430426017.750409,364
1430426017.766035,363
1430426017.780924,363
1430426017.795207,363
1430426017.810483,363
1430426017.825480,363
1430426017.840368,363
1430426017.855752,362
1430426017.870775,361
1430426017.886193,361
1430426017.900461,361
1430426017.916834,361
1430426017.931710,365
1430426017.946457,362
1430426017.961196,365
1430426017.976168,363
1430426017.990783,363
1430426018.005674,365
1430426018.019844,367
1430426018.035174,365
1430426018.049191,364
1430426018.063441,364
1430426018.078450,364
1430426018.092547,364
1430426018.108149,363
1430426018.122541,364
1430426018.136986,365
1430426018.153403,360
1430426018.168457,366
1430426018.183859,366
1430426018.198753,367
1430426018.213164,363
1430426018.231172,366
1430426018.247427,366
1430426018.264963,365
1430426018.280248,364
1430426018.295392,365
1430426018.309714,362
1430426018.324443,364
1430426018.339896,363
1430426018.355625,364
1430426018.370528,364
1430426018.388619,364
1430426018.402664,364
1430426018.418939,364
1430426018.434042,366
1430426018.450503,367
1430426018.466588,368
1430426018.480335,368
1430426018.497106,367
1430426018.511556,367
1430426018.527019,365
1430426018.541141,363
1430426018.556828,364
1430426018.570764,365
1430426018.584921,363
1430426018.598874,363
1430426018.614087,365
1430426018.629333,363
1430426018.644264,363
1430426018.661035,364
1430426018.678279,363
1430426018.693217,364
1430426018.707641,362
1430426018.722291,363
1430426018.742108,365
1430426018.759615,367
1430426018.774703,365
1430426018.789665,367
1430426018.803651,366
1430426018.819123,368
1430426018.833380,365
1430426018.848285,363
1430426018.862913,363
1430426018.878072,362
1430426018.892869,363
1430426018.907008,362
1430426018.921747,363
1430426018.936475,363
1430426018.950114,367
1430426018.965817,366
1430426018.980111,367
1430426018.994263,362
1430426019.008671,365
1430426019.026003,366
1430426019.039942,368
1430426019.055544,365
1430426019.069618,369
1430426019.085736,368
1430426019.100728,366
1430426019.116155,368
1430426019.131807,365
1430426019.147129,366
1430426019.165401,366
1430426019.181268,367
1430426019.196265,366
1430426019.210933,367
1430426019.226412,366
1430426019.240864,365
1430426019.255342,367
1430426019.270069,367
1430426019.284398,367
1430426019.300939,366
1430426019.316934,366
1430426019.331266,366
1430426019.346830,366
1430426019.360888,366
1430426019.375507,365
1430426019.389473,365
1430426019.403215,366
1430426019.417780,366
1430426019.432130,366
1430426019.446561,367
1430426019.460805,367
1430426019.475897,367
1430426019.491049,368
1430426019.505782,368
1430426019.519690,367
1430426019.533891,366
1430426019.548702,367
1430426019.563332,366
1430426019.578331,366
1430426019.593601,367
1430426019.608496,367
1430426019.622472,367
1430426019.636984,365
1430426019.652590,367
1430426019.667745,366
1430426019.682655,366
1430426019.699376,368
1430426019.714530,367
1430426019.729111,368
1430426019.744464,368
1430426019.759913,371
1430426019.775671,369
1430426019.791994,370
1430426019.807158,368
1430426019.822632,365
1430426019.839340,365
1430426019.854934,364
1430426019.869101,366
1430426019.886038,365
1430426019.902098,366
1430426019.916410,366
1430426019.931241,366
1430426019.948064,366
1430426019.962623,369
1430426019.977890,367
1430426019.993427,366
1430426020.008174,367
1430426020.022280,368
1430426020.038199,367
1430426020.053114,368
1430426020.069500,368
1430426020.083255,369
1430426020.097888,368
1430426020.111988,367
1430426020.126308,367
1430426020.140599,368
1430426020.156589,368
1430426020.171100,368
1430426020.186958,368
1430426020.201821,368
1430426020.216891,367
1430426020.230973,367
1430426020.245611,368
1430426020.260693,368
1430426020.275723,368
1430426020.290842,368
1430426020.306446,367
1430426020.320849,367
1430426020.336272,367
1430426020.350273,368
1430426020.365573,369
1430426020.380298,369
1430426020.395751,369
1430426020.410180,368
1430426020.424959,368
1430426020.440171,369
1430426020.455914,369
1430426020.470392,368
1430426020.484230,368
1430426020.499909,368
1430426020.514265,368
1430426020.528890,366
1430426020.543428,370
1430426020.558529,369
1430426020.574626,369
1430426020.589636,370
1430426020.604021,371
1430426020.618627,369
1430426020.632906,369
1430426020.648071,368
1430426020.662873,368
1430426020.678400,370
1430426020.693633,369
1430426020.708109,367
1430426020.722689,369
1430426020.738349,368
1430426020.752333,369
1430426020.767036,367
1430426020.781923,370
1430426020.796979,368
1430426020.811498,367
1430426020.826438,368
1430426020.840338,367
1430426020.855392,367
1430426020.871070,367
1430426020.884678,367
1430426020.899145,367
1430426020.915435,367
1430426020.929471,368
1430426020.944049,368
1430426020.958291,368
1430426020.972207,367
1430426020.987657,369
1430426021.002414,368
1430426021.017314,367
1430426021.030923,369
1430426021.047236,368
1430426021.061853,370
1430426021.076493,370
1430426021.091433,370
1430426021.106197,369
1430426021.120687,369
1430426021.136634,368
1430426021.151165,368
1430426021.167085,369
1430426021.181024,370
1430426021.197010,369
1430426021.211569,370
1430426021.226163,368
1430426021.240859,370
1430426021.256856,369
1430426021.271321,369
1430426021.288597,370
1430426021.302727,369
1430426021.317613,369
1430426021.332901,368
1430426021.347353,369
1430426021.361422,370
1430426021.376037,370
1430426021.390653,370
1430426021.406922,370
1430426021.422628,371
1430426021.437718,371
1430426021.451952,371
1430426021.466547,368
1430426021.480742,371
1430426021.496784,371
1430426021.511678,372
1430426021.526721,371
1430426021.541064,371
1430426021.556097,372
1430426021.571168,371
1430426021.586294,371
1430426021.601047,372
1430426021.617811,370
1430426021.631622,371
1430426021.647007,370
1430426021.661530,370
1430426021.677231,369
1430426021.691569,371
1430426021.706968,370
1430426021.721373,372
1430426021.736590,370
1430426021.750384,374
1430426021.767380,375
1430426021.783009,374
1430426021.800168,373
1430426021.816759,373
1430426021.832876,373
1430426021.849289,373
1430426021.864399,370
1430426021.878598,372
1430426021.893903,371
1430426021.908875,374
1430426021.923277,373
1430426021.939226,374
1430426021.954002,373
1430426021.969061,374
1430426021.984686,371
1430426022.000068,372
1430426022.014965,373
1430426022.029532,373
1430426022.045425,372
1430426022.060442,371
1430426022.075599,371
1430426022.090470,371
1430426022.106308,372
1430426022.120260,373
1430426022.134643,371
1430426022.149367,373
1430426022.164299,372
1430426022.178971,373
1430426022.193961,373
1430426022.209405,371
1430426022.224857,371
1430426022.240012,373
1430426022.254671,372
1430426022.269885,372
1430426022.284132,372
1430426022.299810,373
1430426022.314976,373
1430426022.330748,373
1430426022.346288,372
1430426022.360749,372
1430426022.375812,371
1430426022.392558,372
1430426022.408084,372
1430426022.422891,372
1430426022.437251,373
1430426022.452821,374
1430426022.470868,377
1430426022.486259,374
1430426022.501408,374
1430426022.516023,374
1430426022.530625,374
1430426022.545826,373
1430426022.561304,373
1430426022.581034,373
1430426022.597689,372
1430426022.612181,375
1430426022.628312,374
1430426022.645425,371
1430426022.661019,372
1430426022.677131,372
1430426022.691102,376
1430426022.706235,373
1430426022.721168,375
1430426022.737433,370
1430426022.751623,373
1430426022.766833,372
1430426022.783066,371
1430426022.798604,372
1430426022.814203,371
1430426022.828491,370
1430426022.842659,372
1430426022.857461,371
1430426022.874010,370
1430426022.889855,372
1430426022.905507,372
1430426022.921328,372
1430426022.937074,372
1430426022.952540,371
1430426022.966848,374
1430426022.982971,373
1430426022.997879,374
1430426023.012530,373
1430426023.028835,378
1430426023.044045,373
1430426023.063866,374
1430426023.080631,374
1430426023.095714,372
1430426023.109920,375
1430426023.124540,373
1430426023.139472,375
1430426023.153496,373
1430426023.169419,373
1430426023.186119,373
1430426023.200283,374
1430426023.216361,372
1430426023.230933,374
1430426023.245637,374
1430426023.259584,374
1430426023.275168,374
1430426023.289650,373
1430426023.304000,373
1430426023.319232,373
1430426023.334723,374
1430426023.349496,373
1430426023.364014,374
1430426023.378915,374
1430426023.396757,373
1430426023.412057,373
1430426023.428058,374
1430426023.443012,374
1430426023.460151,373
1430426023.475997,376
1430426023.490115,377
1430426023.506372,376
1430426023.520939,377
1430426023.536063,377
1430426023.550774,378
1430426023.567272,378
1430426023.581628,376
1430426023.596641,372
1430426023.611630,376
1430426023.626454,375
1430426023.640990,376
1430426023.656107,377
1430426023.670945,378
1430426023.686489,378
1430426023.706546,375
1430426023.720959,379
1430426023.736209,377
1430426023.750901,379
1430426023.766480,376
1430426023.781659,376
1430426023.797819,377
1430426023.813403,376
1430426023.828769,376
1430426023.845210,376
1430426023.859870,378
1430426023.874582,374
1430426023.890085,377
1430426023.905174,375
1430426023.920009,375
1430426023.936312,374
1430426023.950758,374
1430426023.966829,372
1430426023.982548,372
1430426023.997127,372
1430426024.011502,374
1430426024.026195,374
1430426024.040650,373
1430426024.055832,376
1430426024.070933,376
1430426024.086428,378
1430426024.102896,378
1430426024.118371,379
1430426024.132170,376
1430426024.147359,376
1430426024.161884,379
1430426024.176149,380
1430426024.190812,379
1430426024.207105,377
1430426024.222354,376
1430426024.238380,376
1430426024.252573,375
1430426024.267235,375
1430426024.281552,376
1430426024.296987,376
1430426024.310959,375
1430426024.326140,377
1430426024.341121,376
1430426024.356523,377
1430426024.371266,377
1430426024.386028,376
1430426024.400298,377
1430426024.415362,378
1430426024.430887,377
1430426024.445332,377
1430426024.459630,375
1430426024.473871,375
1430426024.488311,376
1430426024.502298,375
1430426024.517997,375
1430426024.533005,376
1430426024.548541,376
1430426024.562985,377
1430426024.578408,378
1430426024.592667,376
1430426024.608022,375
1430426024.622191,375
1430426024.637997,376
1430426024.652544,377
1430426024.667088,376
1430426024.681789,375
1430426024.698302,378
1430426024.713823,379
1430426024.729003,379
1430426024.743327,375
1430426024.759555,376
1430426024.773808,376
1430426024.788072,376
1430426024.803107,375
1430426024.818149,374
1430426024.832206,375
1430426024.848586,376
1430426024.863354,375
1430426024.878562,374
1430426024.894354,374
1430426024.909385,375
1430426024.927012,375
1430426024.941452,376
1430426024.957401,376
1430426024.972299,377
1430426024.987052,377
1430426025.001707,377
1430426025.015894,376
1430426025.030685,376
1430426025.045675,378
1430426025.063001,377
1430426025.078199,378
1430426025.092486,377
1430426025.108512,377
1430426025.125230,376
1430426025.139372,381
1430426025.155784,376
1430426025.170022,378
1430426025.184634,378
1430426025.199884,379
1430426025.214524,379
1430426025.230081,377
1430426025.246221,377
1430426025.261462,378
1430426025.276951,377
1430426025.291817,379
1430426025.307509,378
1430426025.322343,378
1430426025.337816,378
1430426025.351980,375
1430426025.367264,379
1430426025.381869,378
1430426025.396825,378
1430426025.411970,377
1430426025.427397,380
1430426025.441472,382
1430426025.459076,379
1430426025.479866,379
1430426025.494322,380
1430426025.509629,380
1430426025.524500,380
1430426025.540302,381
1430426025.555642,381
1430426025.569685,380
1430426025.587115,378
1430426025.606054,380
1430426025.620980,380
1430426025.635566,379
1430426025.650071,380
1430426025.664336,378
1430426025.678848,378
1430426025.692957,378
1430426025.708167,379
1430426025.722059,378
1430426025.737350,378
1430426025.751721,380
1430426025.766417,378
1430426025.781373,377
1430426025.796073,377
1430426025.809982,378
1430426025.825227,376
1430426025.839597,377
1430426025.854391,376
1430426025.868866,378
1430426025.884500,379
1430426025.899275,378
1430426025.914658,378
1430426025.929192,378
1430426025.948744,380
1430426025.963029,381
1430426025.978371,381
1430426025.992495,381
1430426026.007080,378
1430426026.021634,379
1430426026.038377,379
1430426026.052649,379
1430426026.068291,377
1430426026.086569,379
1430426026.101063,381
1430426026.116079,380
1430426026.131004,378
1430426026.146437,378
1430426026.160877,379
1430426026.175552,379
1430426026.190195,381
1430426026.205348,379
1430426026.219885,381
1430426026.234421,381
1430426026.249723,378
1430426026.264532,380
1430426026.279706,380
1430426026.293875,379
1430426026.308766,379
1430426026.323617,379
1430426026.338633,381
1430426026.353435,381
1430426026.369212,382
1430426026.384278,383
1430426026.399718,382
1430426026.414876,381
1430426026.429292,380
1430426026.448257,383
1430426026.462471,381
1430426026.477721,380
1430426026.491596,381
1430426026.506579,380
1430426026.521023,379
1430426026.534610,379
1430426026.549288,381
1430426026.563389,380
1430426026.577667,381
1430426026.591892,379
1430426026.607131,379
1430426026.622145,379
1430426026.637645,380
1430426026.652419,381
1430426026.668239,382
1430426026.682642,380
1430426026.696990,380
1430426026.712259,380
1430426026.726972,381
1430426026.741214,380
1430426026.756856,381
1430426026.770907,380
1430426026.786024,381
1430426026.800241,379
1430426026.815094,379
1430426026.830775,381
1430426026.845879,380
1430426026.860002,380
1430426026.875690,383
1430426026.890187,385
1430426026.904375,383
1430426026.919199,379
1430426026.934150,380
1430426026.948085,379
1430426026.963510,380
1430426026.979123,381
1430426026.993428,380
1430426027.010494,383
1430426027.025564,381
1430426027.041368,381
1430426027.056893,381
1430426027.071272,381
1430426027.092611,381
1430426027.109610,379
1430426027.124478,379
1430426027.139945,381
1430426027.154476,381
1430426027.169213,381
1430426027.183851,381
1430426027.202671,382
1430426027.223983,385
1430426027.240658,385
1430426027.256827,384
1430426027.271746,386
1430426027.287366,380
1430426027.301906,383
1430426027.318198,381
1430426027.333288,386
1430426027.348119,383
1430426027.362666,380
1430426027.377772,383
1430426027.391409,385
1430426027.410832,387
1430426027.425387,386
1430426027.440515,384
1430426027.454827,383
1430426027.470313,385
1430426027.486234,385
1430426027.500966,383
1430426027.520184,387
1430426027.535229,385
1430426027.550192,385
1430426027.564327,384
1430426027.578977,385
1430426027.593663,382
1430426027.608206,382
1430426027.622428,382
1430426027.637135,381
1430426027.651781,382
1430426027.667175,382
1430426027.681834,384
1430426027.697319,381
1430426027.711685,383
1430426027.726081,383
1430426027.740285,381
1430426027.754962,382
1430426027.770170,383
1430426027.785974,381
1430426027.800165,383
1430426027.814131,383
1430426027.829390,382
1430426027.844239,383
1430426027.858614,381
1430426027.872742,383
1430426027.888003,382
1430426027.902490,380
1430426027.917262,378
1430426027.931288,383
1430426027.946214,381
1430426027.961232,382
1430426027.976121,382
1430426027.991156,379
1430426028.005855,382
1430426028.020122,380
1430426028.034414,381
1430426028.049572,382
1430426028.064208,383
1430426028.078472,383
1430426028.092909,380
1430426028.109750,380
1430426028.125102,380
1430426028.139553,381
1430426028.155356,381
1430426028.170178,381
1430426028.185513,382
1430426028.200115,382
1430426028.217137,384
1430426028.231121,383
1430426028.246372,383
1430426028.261229,384
1430426028.275331,382
1430426028.290638,386
1430426028.305218,386
1430426028.319465,386
1430426028.334772,387
1430426028.349417,386
1430426028.366683,387
1430426028.381851,383
1430426028.400435,389
1430426028.415515,390
1430426028.430725,386
1430426028.445439,385
1430426028.461052,388
1430426028.476811,385
1430426028.492207,387
1430426028.508675,386
1430426028.524064,384
1430426028.538728,384
1430426028.553362,384
1430426028.568196,387
1430426028.582246,384
1430426028.598600,388
1430426028.612621,386
1430426028.629131,386
1430426028.644554,383
1430426028.658933,383
1430426028.673949,384
1430426028.689151,383
1430426028.705681,382
1430426028.721090,382
1430426028.737483,385
1430426028.752052,384
1430426028.771265,386
1430426028.790998,389
1430426028.806631,385
1430426028.821255,386
1430426028.837352,386
1430426028.853087,388
1430426028.868223,387
1430426028.883333,384
1430426028.899270,383
1430426028.915483,384
1430426028.930088,386
1430426028.945443,386
1430426028.959452,386
1430426028.975796,385
1430426028.990088,386
1430426029.009036,387
1430426029.023214,387
1430426029.041787,389
1430426029.056261,385
1430426029.070122,385
1430426029.086193,381
1430426029.102529,386
1430426029.117524,384
1430426029.131829,383
1430426029.146110,384
1430426029.160052,383
1430426029.175459,388
1430426029.193436,388
1430426029.207904,385
1430426029.221817,384
1430426029.237770,384
1430426029.251937,384
1430426029.266980,385
1430426029.282857,385
1430426029.298180,386
1430426029.312931,386
1430426029.328408,387
1430426029.342880,386
1430426029.358278,387
1430426029.375406,386
1430426029.389980,386
1430426029.405576,386
1430426029.419618,386
1430426029.435931,387
1430426029.451615,386
1430426029.466115,384
1430426029.480442,386
1430426029.496551,385
1430426029.510740,387
1430426029.525404,385
1430426029.540921,386
1430426029.555950,388
1430426029.571048,386
1430426029.586869,387
1430426029.601168,385
1430426029.617892,388
1430426029.632430,389
1430426029.648579,391
1430426029.663858,392
1430426029.678500,389
1430426029.697850,392
1430426029.712218,393
1430426029.727647,390
1430426029.742645,389
1430426029.756902,387
1430426029.770799,388
1430426029.785841,388
1430426029.801956,386
1430426029.817605,386
1430426029.833014,389
1430426029.848219,389
1430426029.863242,388
1430426029.879035,389
1430426029.894098,390
1430426029.910604,390
1430426029.925106,387
1430426029.940230,387
1430426029.954606,388
1430426029.970506,388
1430426029.984911,387
1430426029.998964,387
1430426030.013130,388
1430426030.028555,387
1430426030.042858,385
1430426030.057348,385
1430426030.072212,386
1430426030.087358,386
1430426030.102094,386
1430426030.117065,385
1430426030.131556,387
1430426030.146749,386
1430426030.161269,387
1430426030.175992,387
1430426030.192052,385
1430426030.207523,385
1430426030.221569,385
1430426030.237172,386
1430426030.251908,386
1430426030.266663,386
1430426030.281805,385
1430426030.297064,386
1430426030.311965,385
1430426030.327204,385
1430426030.341370,385
1430426030.357153,386
1430426030.371729,387
1430426030.388151,386
1430426030.403825,388
1430426030.418212,390
1430426030.432720,389
1430426030.446711,390
1430426030.461800,388
1430426030.477284,389
1430426030.491362,389
1430426030.507144,388
1430426030.521847,391
1430426030.536556,391
1430426030.553819,393
1430426030.568865,395
1430426030.585276,392
1430426030.600206,392
1430426030.614801,392
1430426030.629776,391
1430426030.643917,388
1430426030.658946,390
1430426030.673444,393
1430426030.689139,390
1430426030.704079,390
1430426030.719195,389
1430426030.733698,389
1430426030.748535,389
1430426030.763783,388
1430426030.778356,390
1430426030.793326,392
1430426030.808277,389
1430426030.827417,389
1430426030.841508,390
1430426030.856536,389
1430426030.872213,389
1430426030.893234,389
1430426030.907719,389
1430426030.922382,389
1430426030.937368,388
1430426030.951387,387
1430426030.966753,387
1430426030.982414,388
1430426030.996863,386
1430426031.011369,386
1430426031.027632,387
1430426031.043159,387
1430426031.058169,387
1430426031.072389,388
1430426031.087175,387
1430426031.102157,387
1430426031.117309,387
1430426031.131860,384
1430426031.147373,387
1430426031.162138,388
1430426031.177695,387
1430426031.192414,386
1430426031.207248,388
1430426031.222032,386
1430426031.237000,386
1430426031.252048,385
1430426031.266345,387
1430426031.280639,386
1430426031.295612,386
1430426031.309648,388
1430426031.325605,388
1430426031.340204,388
1430426031.354910,388
1430426031.370469,391
1430426031.386344,390
1430426031.401360,390
1430426031.415636,390
1430426031.430199,389
1430426031.445215,390
1430426031.459244,389
1430426031.478699,390
1430426031.496347,390
1430426031.517353,394
1430426031.533111,393
1430426031.548009,391
1430426031.562169,389
1430426031.578227,385
1430426031.592593,382
1430426031.607676,375
1430426031.622170,371
1430426031.638982,364
1430426031.653498,357
1430426031.669694,351
1430426031.685421,344
1430426031.702163,339
1430426031.716883,331
1430426031.731396,325
1430426031.745875,320
1430426031.759706,312
1430426031.777068,305
1430426031.791575,303
1430426031.807977,294
1430426031.823261,287
1430426031.839667,281
1430426031.854826,276
1430426031.870276,270
1430426031.885664,263
1430426031.901731,260
1430426031.916087,249
1430426031.930819,238
1430426031.947441,225
1430426031.962298,217
1430426031.977280,205
1430426031.991304,196
1430426032.006407,189
1430426032.023928,182
1430426032.038571,169
1430426032.052476,158
1430426032.067624,147
1430426032.081448,140
1430426032.096613,131
1430426032.111454,125
1430426032.125679,126
1430426032.142010,127
1430426032.156782,127
1430426032.171657,126
1430426032.186992,126
1430426032.201526,126
1430426032.216332,126
1430426032.230386,126
1430426032.245058,126
1430426032.260166,125
1430426032.276707,126
1430426032.290530,124
1430426032.305730,124
1430426032.320378,125
1430426032.337680,125
1430426032.352225,125
1430426032.368161,125
1430426032.382734,125
1430426032.397990,125
1430426032.419257,125
1430426032.435204,124
1430426032.450299,125
1430426032.465927,125
1430426032.479646,125
1430426032.494582,125
1430426032.509714,125
1430426032.528272,125
1430426032.543541,124
1430426032.558443,124
1430426032.574730,124
1430426032.589443,124
1430426032.606411,124
1430426032.620731,124
1430426032.634891,124
1430426032.650171,125
1430426032.667421,125
1430426032.684702,125
1430426032.703986,125
1430426032.719155,125
1430426032.734028,125
1430426032.751529,125
1430426032.766306,125
1430426032.781163,125
1430426032.797486,125
1430426032.813373,125
1430426032.828386,125
1430426032.843513,125
1430426032.858963,125
1430426032.874185,125
1430426032.889166,125
1430426032.904026,125
1430426032.920685,125
1430426032.937136,125
1430426032.951304,125
1430426032.966875,125
1430426032.981447,125
1430426032.995821,125
1430426033.010094,125
1430426033.024458,125
1430426033.039999,125
1430426033.055342,125
1430426033.069624,125
1430426033.085644,125
1430426033.099794,125
1430426033.113865,125
1430426033.129068,125
1430426033.143356,125
1430426033.159050,125
1430426033.174542,125
1430426033.189983,125
1430426033.205788,125
1430426033.220485,125
1430426033.236124,125
1430426033.249998,125
1430426033.263795,125
1430426033.279103,125
1430426033.294396,125
1430426033.310067,125
1430426033.325838,124
1430426033.340360,125
1430426033.354184,125
1430426033.368092,126
1430426033.382863,126
1430426033.396911,126
1430426033.410577,126
1430426033.424649,126
1430426033.439284,126
1430426033.453732,126
1430426033.469145,126
1430426033.483258,126
1430426033.498053,126
1430426033.512142,125
1430426033.526932,125
1430426033.541829,125
1430426033.556663,125
1430426033.570940,125
1430426033.586945,125
1430426033.601022,125
1430426033.616151,125
1430426033.630281,125
1430426033.645018,125
1430426033.659993,125
1430426033.674582,125
1430426033.689486,125
1430426033.704557,125
1430426033.719259,125
1430426033.734531,125
1430426033.749518,125
1430426033.763975,124
1430426033.778784,125
1430426033.793901,125
1430426033.809501,126
1430426033.824923,126
1430426033.839367,126
1430426033.853799,126
1430426033.867925,126
1430426033.882448,126
1430426033.896934,125
1430426033.911051,125
1430426033.925188,126
1430426033.940054,126
1430426033.955632,126
1430426033.970454,125
1430426033.985522,125
1430426033.999492,125
1430426034.013320,126
1430426034.027787,126
1430426034.042762,126
1430426034.058913,125
1430426034.073359,126
1430426034.087848,126
1430426034.103368,126
1430426034.117645,126
1430426034.131910,126
1430426034.146981,126
1430426034.164059,126
1430426034.178689,126
1430426034.194909,126
1430426034.211633,126
1430426034.231639,125
1430426034.250223,126
1430426034.265501,126
1430426034.279116,126
1430426034.293345,126
1430426034.308305,126
1430426034.322686,126
1430426034.339204,126
1430426034.355100,125
1430426034.370153,127
1430426034.385407,127
1430426034.399370,127
1430426034.415179,127
1430426034.429204,126
1430426034.444607,127
1430426034.460672,126
1430426034.476629,127
1430426034.490585,126
1430426034.505519,127
1430426034.520184,127
1430426034.534330,125
1430426034.549196,126
1430426034.563581,126
1430426034.578176,126
1430426034.592518,126
1430426034.607283,126
1430426034.622186,126
1430426034.637010,126
1430426034.650916,126
1430426034.666418,126
1430426034.680417,126
1430426034.694827,126
1430426034.708980,126
1430426034.724712,126
1430426034.740126,126
1430426034.756468,126
1430426034.771597,126
1430426034.787393,126
1430426034.801290,126
1430426034.816826,126
1430426034.831477,126
1430426034.847216,127
1430426034.866771,127
1430426034.881393,127
1430426034.896994,126
1430426034.915775,127
1430426034.930699,126
1430426034.944562,127
1430426034.960644,127
1430426034.976588,127
1430426034.990418,127
1430426035.005089,127
1430426035.020129,127
1430426035.035209,127
1430426035.049962,127
1430426035.064021,127
1430426035.078186,127
1430426035.093177,127
1430426035.108477,127
1430426035.125413,126
1430426035.139896,127
1430426035.155509,127
1430426035.170774,127
1430426035.186911,127
1430426035.202054,127
1430426035.217362,127
1430426035.232099,127
1430426035.248629,127
1430426035.262628,127
1430426035.278473,127
1430426035.293847,127
1430426035.309148,126
1430426035.324112,126
1430426035.338940,126
1430426035.354025,126
1430426035.369605,128
1430426035.384397,127
1430426035.400186,128
1430426035.414346,128
1430426035.429033,128
1430426035.443404,128
1430426035.458086,128
1430426035.473896,128
1430426035.488083,128
1430426035.501997,128
1430426035.516352,128
1430426035.531893,127
1430426035.546564,127
1430426035.560735,127
1430426035.575771,127
1430426035.591192,127
1430426035.606366,127
1430426035.620428,127
1430426035.636233,127
1430426035.657649,127
1430426035.672535,127
1430426035.690592,127
1430426035.705437,127
1430426035.721389,127
1430426035.740230,127
1430426035.755309,127
1430426035.770432,127
1430426035.786898,127
1430426035.801768,127
1430426035.825784,128
1430426035.840217,127
1430426035.854624,128
1430426035.870543,128
1430426035.888527,128
1430426035.903225,128
1430426035.919307,128
1430426035.934402,127
1430426035.950238,128
1430426035.965609,128
1430426035.980526,128
1430426035.997508,128
1430426036.015527,128
1430426036.029955,128
1430426036.045890,128
1430426036.059772,128
1430426036.075488,128
1430426036.090747,128
1430426036.106243,128
1430426036.120857,128
1430426036.135764,128
1430426036.149449,127
1430426036.166742,127
1430426036.181065,127
1430426036.196612,127
1430426036.211660,127
1430426036.226845,128
1430426036.242395,128
1430426036.257168,128
1430426036.275486,128
1430426036.291193,128
1430426036.307534,128
1430426036.322027,128
1430426036.337559,128
1430426036.352309,128
1430426036.367235,129
1430426036.381734,129
1430426036.397287,129
1430426036.411458,129
1430426036.426343,129
1430426036.440352,129
1430426036.455817,129
1430426036.471028,129
1430426036.486669,129
1430426036.500893,129
1430426036.516294,129
1430426036.531621,128
1430426036.546096,128
1430426036.561101,128
1430426036.577133,128
1430426036.592191,128
1430426036.606666,128
1430426036.621508,128
1430426036.636149,128
1430426036.650036,128
1430426036.664521,128
1430426036.681256,128
1430426036.696261,128
1430426036.711437,128
1430426036.726981,128
1430426036.742977,129
1430426036.758212,128
1430426036.771991,129
1430426036.791563,129
1430426036.809311,130
1430426036.825527,129
1430426036.840347,130
1430426036.855748,129
1430426036.870038,130
1430426036.886765,130
1430426036.900798,130
1430426036.916147,130
1430426036.930782,130
1430426036.945386,129
1430426036.960110,130
1430426036.975660,129
1430426036.990999,130
1430426037.007069,130
1430426037.021469,130
1430426037.036931,130
1430426037.051857,130
1430426037.067484,130
1430426037.081630,130
1430426037.096668,130
1430426037.110718,130
1430426037.126237,130
1430426037.140938,130
1430426037.155794,130
1430426037.170430,130
1430426037.186437,130
1430426037.200169,130
1430426037.216634,130
1430426037.230875,130
1430426037.248380,130
1430426037.268288,130
1430426037.283865,129
1430426037.298410,129
1430426037.313163,130
1430426037.328453,130
1430426037.343708,130
1430426037.359139,130
1430426037.373440,131
1430426037.391648,131
1430426037.407447,130
1430426037.422566,131
1430426037.438211,130
1430426037.456372,130
1430426037.471793,130
1430426037.487029,130
1430426037.501748,130
1430426037.515885,130
1430426037.530132,130
1430426037.544575,129
1430426037.559541,129
1430426037.575834,129
1430426037.594292,129
1430426037.610954,129
1430426037.625917,130
1430426037.640987,130
1430426037.656172,130
1430426037.670717,130
1430426037.684913,130
1430426037.698939,130
1430426037.713975,130
1430426037.728752,130
1430426037.745842,130
1430426037.759791,130
1430426037.774277,130
1430426037.788403,130
1430426037.802348,130
1430426037.818566,130
1430426037.833279,130
1430426037.848770,130
1430426037.862653,129
1430426037.877965,130
1430426037.892080,130
1430426037.906248,130
1430426037.920826,129
1430426037.936857,129
1430426037.951122,130
1430426037.965599,130
1430426037.980689,130
1430426037.996242,129
1430426038.013401,130
1430426038.028059,130
1430426038.042567,130
1430426038.057374,130
1430426038.071697,130
1430426038.086567,130
1430426038.102149,130
1430426038.117290,130
1430426038.133293,130
1430426038.147390,130
1430426038.162144,130
1430426038.176332,130
1430426038.190839,130
1430426038.206211,130
1430426038.220119,130
1430426038.234668,130
1430426038.249161,130
1430426038.263392,130
1430426038.279031,130
1430426038.294103,130
1430426038.309528,129
1430426038.326399,130
1430426038.340391,130
1430426038.355409,130
1430426038.370633,131
1430426038.388893,131
1430426038.404117,131
1430426038.420668,131
1430426038.435484,131
1430426038.449888,130
1430426038.465509,131
1430426038.480314,131
1430426038.494597,131
1430426038.509234,131
1430426038.524905,131
1430426038.539464,131
1430426038.554043,130
1430426038.568622,130
1430426038.583294,130
1430426038.599162,130
1430426038.613538,130
1430426038.628053,130
1430426038.641816,130
1430426038.661184,130
1430426038.678111,130
1430426038.692265,130
1430426038.706590,130
1430426038.722183,130
1430426038.737594,130
1430426038.752282,130
1430426038.767571,130
1430426038.782484,130
1430426038.796569,130
1430426038.810290,130
1430426038.825275,130
1430426038.839491,130
1430426038.853721,130
1430426038.868205,130
1430426038.881907,130
1430426038.897478,130
1430426038.911729,130
1430426038.929011,130
1430426038.943672,130
1430426038.960145,130
1430426038.976023,130
1430426038.994835,130
1430426039.010941,130
1430426039.025272,130
1430426039.041919,130
1430426039.057572,130
1430426039.073130,129
1430426039.088703,130
1430426039.104100,130
1430426039.118858,130
1430426039.133845,130
1430426039.148273,130
1430426039.165690,130
1430426039.179701,129
1430426039.195698,130
1430426039.211116,130
1430426039.226764,130
1430426039.241151,130
1430426039.255764,130
1430426039.270240,130
1430426039.286156,130
1430426039.300146,129
1430426039.316281,130
1430426039.332156,130
1430426039.347538,129
1430426039.361945,129
1430426039.376349,130
1430426039.389731,131
1430426039.405871,131
1430426039.419750,131
1430426039.435814,131
1430426039.450642,131
1430426039.470329,131
1430426039.486486,130
1430426039.502116,130
1430426039.516234,130
1430426039.530987,130
1430426039.546420,129
1430426039.560832,129
1430426039.576358,129
1430426039.590580,129
1430426039.606117,130
1430426039.620952,130
1430426039.636508,130
1430426039.651069,130
1430426039.665294,130
1430426039.680123,130
1430426039.694238,130
1430426039.708575,130
1430426039.724069,130
1430426039.739860,130
1430426039.756281,130
1430426039.770422,130
1430426039.788019,130
1430426039.801734,130
1430426039.817149,130
1430426039.832088,130
1430426039.846716,130
1430426039.860776,130
1430426039.875998,129
1430426039.890596,130
1430426039.905733,130
1430426039.920878,130
1430426039.935769,129
1430426039.950657,129
1430426039.965776,129
1430426039.984404,129
1430426040.000192,129
1430426040.015434,129
1430426040.029491,129
1430426040.043420,130
1430426040.058054,130
1430426040.072898,129
1430426040.088119,130
1430426040.103043,130
1430426040.117423,130
1430426040.131380,130
1430426040.146388,130
1430426040.161221,130
1430426040.177195,130
1430426040.191959,130
1430426040.207411,130
1430426040.221828,130
1430426040.237386,130
1430426040.251625,129
1430426040.265636,129
1430426040.279453,130
1430426040.295094,130
1430426040.309156,130
1430426040.324487,130
1430426040.338962,130
1430426040.353537,130
1430426040.368648,130
1430426040.384986,131
1430426040.399349,131
1430426040.418062,131
1430426040.434189,131
1430426040.449519,131
1430426040.463835,131
1430426040.478447,131
1430426040.498532,131
1430426040.514260,131
1430426040.528447,131
1430426040.545905,131
1430426040.560550,130
1430426040.576263,130
1430426040.591214,130
1430426040.610151,129
1430426040.624890,130
1430426040.641193,130
1430426040.656056,130
1430426040.673584,130
1430426040.689529,130
1430426040.704617,130
1430426040.718849,131
1430426040.737161,130
1430426040.752500,130
1430426040.771438,130
1430426040.789192,130
1430426040.803288,130
1430426040.820804,130
1430426040.837691,131
1430426040.854685,131
1430426040.874579,131
1430426040.889933,131
1430426040.905920,131
1430426040.920321,126
1430426040.935707,114
1430426040.950182,102
1430426040.965953,91
1430426040.979790,79
1430426040.996150,67
1430426041.010070,59
1430426041.025353,50
1430426041.047348,37
1430426041.061468,29
1430426041.075944,18
1430426041.090835,7
1430426041.106010,0
1430426041.120116,0
1430426041.135532,1
1430426041.150575,0
1430426041.166101,0
1430426041.180433,0
1430426041.195532,0
1430426041.210591,0
1430426041.226014,0
1430426041.240353,0
1430426041.254657,0
1430426041.269694,0
1430426041.285373,0
1430426041.299564,0
1430426041.314717,0
1430426041.332201,0
1430426041.347562,0
