1430425948.396431,0
1430425948.414571,0
1430425948.431238,9
1430425948.445791,0
1430425948.467183,7
1430425948.481962,11
1430425948.496877,11
1430425948.511197,11
1430425948.525847,11
1430425948.540081,11
1430425948.554081,11
1430425948.569241,11
1430425948.584252,11
1430425948.599203,11
1430425948.613241,10
1430425948.629388,10
1430425948.644325,10
1430425948.659255,11
1430425948.673178,10
1430425948.687695,10
1430425948.702266,10
1430425948.717244,11
1430425948.734467,11
1430425948.749406,11
1430425948.763829,11
1430425948.778338,11
1430425948.793094,11
1430425948.808593,11
1430425948.823971,11
1430425948.838380,10
1430425948.852444,11
1430425948.869632,11
1430425948.883625,11
1430425948.898537,11
1430425948.913032,11
1430425948.927724,11
1430425948.943877,11
1430425948.963867,11
1430425948.978851,11
1430425948.993616,11
1430425949.008641,11
1430425949.024066,11
1430425949.038497,11
1430425949.053767,11
1430425949.069468,11
1430425949.084337,11
1430425949.102105,11
1430425949.117002,11
1430425949.131813,11
1430425949.146547,11
1430425949.161931,11
1430425949.177252,11
1430425949.191202,11
1430425949.205820,11
1430425949.220353,11
1430425949.236036,11
1430425949.251078,11
1430425949.265394,11
1430425949.279358,11
1430425949.293428,11
1430425949.308852,11
1430425949.322739,11
1430425949.337150,11
1430425949.351217,11
1430425949.367066,11
1430425949.381529,11
1430425949.396274,11
1430425949.411356,11
1430425949.427095,11
1430425949.441604,11
1430425949.456596,11
1430425949.470621,12
1430425949.485644,11
1430425949.500771,10
1430425949.515787,11
1430425949.530882,11
1430425949.545767,11
1430425949.560179,10
1430425949.574244,11
1430425949.588846,11
1430425949.603089,11
1430425949.618540,11
1430425949.633185,10
1430425949.647630,11
1430425949.664249,11
1430425949.678584,11
1430425949.693631,11
1430425949.708947,11
1430425949.722993,11
1430425949.738765,11
1430425949.752643,10
1430425949.767090,10
1430425949.781204,11
1430425949.795887,11
1430425949.810068,11
1430425949.825091,11
1430425949.839883,11
1430425949.855083,11
1430425949.870241,11
1430425949.884151,11
1430425949.899406,10
1430425949.913763,11
1430425949.927618,11
1430425949.942820,11
1430425949.957528,10
1430425949.971896,11
1430425949.986371,11
1430425950.000941,11
1430425950.015613,11
1430425950.031740,11
1430425950.048409,11
1430425950.063105,11
1430425950.077346,11
1430425950.091268,11
1430425950.107092,11
1430425950.120637,11
1430425950.135256,11
1430425950.149368,11
1430425950.163634,11
1430425950.178108,11
1430425950.192109,11
1430425950.206750,11
1430425950.221321,11
1430425950.236187,10
1430425950.250921,11
1430425950.265231,11
1430425950.280034,11
1430425950.294368,11
1430425950.309346,11
1430425950.323040,11
1430425950.339415,11
1430425950.353521,11
1430425950.369076,11
1430425950.383736,11
1430425950.398026,11
1430425950.412492,11
1430425950.427837,10
1430425950.442220,11
1430425950.457806,11
1430425950.472417,11
1430425950.488964,11
1430425950.503657,11
1430425950.520463,11
1430425950.535087,11
1430425950.549482,11
1430425950.563896,11
1430425950.578029,11
1430425950.591698,11
1430425950.606549,10
1430425950.621593,11
1430425950.637787,11
1430425950.652364,11
1430425950.667662,11
1430425950.683184,11
1430425950.697549,11
1430425950.711924,11
1430425950.727140,11
1430425950.741019,11
1430425950.757620,12
1430425950.773159,11
1430425950.792853,11
1430425950.809962,10
1430425950.824640,10
1430425950.840294,10
1430425950.856531,11
1430425950.870231,11
1430425950.887593,11
1430425950.904137,11
1430425950.919654,12
1430425950.933826,11
1430425950.948604,11
1430425950.964059,11
1430425950.978405,11
1430425950.992539,11
1430425951.007703,11
1430425951.021709,11
1430425951.037977,11
1430425951.053256,11
1430425951.069039,11
1430425951.083594,11
1430425951.098121,11
1430425951.112713,11
1430425951.128183,11
1430425951.143786,11
1430425951.158456,11
1430425951.173056,11
1430425951.187164,11
1430425951.203021,11
1430425951.219650,11
1430425951.235634,10
1430425951.249877,11
1430425951.263549,11
1430425951.278524,11
1430425951.292630,11
1430425951.308378,11
1430425951.322391,11
1430425951.338116,11
1430425951.353141,11
1430425951.367875,10
1430425951.381973,11
1430425951.397161,11
1430425951.412423,11
1430425951.426497,11
1430425951.440696,11
1430425951.455438,11
1430425951.469748,11
1430425951.485542,12
1430425951.499429,11
1430425951.514487,11
1430425951.529886,11
1430425951.545216,11
1430425951.560036,11
1430425951.574165,11
1430425951.589736,11
1430425951.603903,11
1430425951.619332,11
1430425951.633478,11
1430425951.648779,11
1430425951.662546,11
1430425951.677836,10
1430425951.691945,11
1430425951.707285,11
1430425951.721368,11
1430425951.735545,11
1430425951.749620,11
1430425951.763652,11
1430425951.778172,11
1430425951.792325,11
1430425951.807348,11
1430425951.823799,11
1430425951.838953,10
1430425951.853240,11
1430425951.869512,11
1430425951.884110,11
1430425951.899561,11
1430425951.913874,10
1430425951.929488,11
1430425951.944640,11
1430425951.960000,11
1430425951.978131,11
1430425951.993515,11
1430425952.015227,11
1430425952.029273,11
1430425952.047341,10
1430425952.062794,10
1430425952.080936,10
1430425952.095710,10
1430425952.110319,10
1430425952.124670,10
1430425952.140405,10
1430425952.155633,11
1430425952.170548,11
1430425952.184555,10
1430425952.198865,11
1430425952.216680,11
1430425952.230825,11
1430425952.246422,11
1430425952.260886,11
1430425952.276544,11
1430425952.290596,11
1430425952.306198,11
1430425952.321476,10
1430425952.337733,10
1430425952.353191,11
1430425952.368830,10
1430425952.384001,10
1430425952.399822,10
1430425952.414678,10
1430425952.429668,10
1430425952.444376,10
1430425952.459580,10
1430425952.474114,10
1430425952.489185,11
1430425952.504951,10
1430425952.519016,10
1430425952.533731,10
1430425952.548138,10
1430425952.562833,10
1430425952.577940,10
1430425952.593097,10
1430425952.608233,10
1430425952.623504,10
1430425952.638106,10
1430425952.652163,10
1430425952.667520,10
1430425952.681245,10
1430425952.695740,10
1430425952.710305,10
1430425952.725980,10
1430425952.740029,10
1430425952.754167,10
1430425952.768685,10
1430425952.783586,11
1430425952.798543,10
1430425952.812246,10
1430425952.827171,11
1430425952.841762,10
1430425952.855934,10
1430425952.870801,10
1430425952.885156,10
1430425952.899753,11
1430425952.915139,10
1430425952.929582,10
1430425952.943316,11
1430425952.958418,10
1430425952.972761,10
1430425952.986828,11
1430425953.001573,11
1430425953.017394,11
1430425953.034067,11
1430425953.048128,11
1430425953.064419,11
1430425953.079124,11
1430425953.093849,11
1430425953.109444,11
1430425953.124483,11
1430425953.139534,11
1430425953.153960,11
1430425953.168323,11
1430425953.183251,10
1430425953.199093,10
1430425953.213830,11
1430425953.228589,11
1430425953.242997,11
1430425953.258863,11
1430425953.273504,11
1430425953.288861,10
1430425953.304237,11
1430425953.319932,11
1430425953.335523,11
1430425953.350885,11
1430425953.368550,11
1430425953.383478,11
1430425953.397845,11
1430425953.412738,11
1430425953.428273,11
1430425953.443392,11
1430425953.457675,11
1430425953.472813,11
1430425953.487165,12
1430425953.502522,11
1430425953.517076,11
1430425953.531620,11
1430425953.548170,11
1430425953.567565,11
1430425953.582616,10
1430425953.598655,11
1430425953.616941,11
1430425953.631703,10
1430425953.647673,10
1430425953.662755,10
1430425953.678079,10
1430425953.692089,11
1430425953.707994,11
1430425953.724602,11
1430425953.739211,10
1430425953.754874,11
1430425953.770038,11
1430425953.785872,11
1430425953.800680,11
1430425953.815678,11
1430425953.830696,11
1430425953.846033,11
1430425953.861146,11
1430425953.876676,10
1430425953.891184,10
1430425953.907554,10
1430425953.921660,10
1430425953.936335,10
1430425953.950220,10
1430425953.964339,10
1430425953.978759,10
1430425953.993060,10
1430425954.007238,10
1430425954.021572,10
1430425954.036719,10
1430425954.051134,10
1430425954.066031,10
1430425954.080887,10
1430425954.095269,10
1430425954.109553,10
1430425954.124870,10
1430425954.139420,10
1430425954.156629,10
1430425954.171061,10
1430425954.185391,10
1430425954.201406,11
1430425954.216365,11
1430425954.231856,11
1430425954.246823,11
1430425954.261797,11
1430425954.277153,11
1430425954.292014,11
1430425954.306705,11
1430425954.321044,11
1430425954.335736,11
1430425954.351697,11
1430425954.367466,11
1430425954.382003,11
1430425954.397005,10
1430425954.411316,11
1430425954.425845,11
1430425954.440221,11
1430425954.454573,11
1430425954.468659,10
1430425954.488271,12
1430425954.503429,11
1430425954.517895,11
1430425954.532329,11
1430425954.548178,11
1430425954.562638,11
1430425954.577357,12
1430425954.591719,12
1430425954.606739,12
1430425954.622141,12
1430425954.636966,12
1430425954.651652,12
1430425954.666632,12
1430425954.680524,12
1430425954.696409,12
1430425954.710265,12
1430425954.724322,12
1430425954.739274,12
1430425954.753293,12
1430425954.769634,12
1430425954.783871,12
1430425954.798790,12
1430425954.813273,12
1430425954.827690,12
1430425954.843364,12
1430425954.859260,12
1430425954.874346,11
1430425954.890001,12
1430425954.904457,12
1430425954.924479,12
1430425954.940489,12
1430425954.955931,12
1430425954.971386,11
1430425954.985789,11
1430425955.001658,11
1430425955.017754,11
1430425955.032979,11
1430425955.047620,11
1430425955.063585,11
1430425955.079510,11
1430425955.093913,11
1430425955.108094,11
1430425955.122113,11
1430425955.136777,11
1430425955.151407,11
1430425955.166941,11
1430425955.181396,11
1430425955.196171,11
1430425955.210546,11
1430425955.226040,11
1430425955.240428,11
1430425955.256137,11
1430425955.272025,11
1430425955.286898,11
1430425955.301997,11
1430425955.316575,11
1430425955.331858,11
1430425955.346183,11
1430425955.360819,11
1430425955.375479,12
1430425955.390375,12
1430425955.404464,11
1430425955.421042,12
1430425955.436122,12
1430425955.452365,12
1430425955.467775,12
1430425955.482345,13
1430425955.496894,12
1430425955.511795,12
1430425955.528096,11
1430425955.542788,11
1430425955.557837,11
1430425955.572490,11
1430425955.586782,11
1430425955.600893,11
1430425955.616015,11
1430425955.630814,11
1430425955.645283,11
1430425955.659569,11
1430425955.674379,11
1430425955.688009,11
1430425955.702820,11
1430425955.719319,11
1430425955.734151,11
1430425955.749722,11
1430425955.764682,11
1430425955.780319,11
1430425955.794631,11
1430425955.809081,11
1430425955.825663,11
1430425955.839939,11
1430425955.856249,11
1430425955.871003,11
1430425955.885067,11
1430425955.899822,11
1430425955.914358,11
1430425955.929565,11
1430425955.943399,11
1430425955.958464,11
1430425955.972827,11
1430425955.987738,11
1430425956.002075,11
1430425956.017838,11
1430425956.032000,11
1430425956.045924,11
1430425956.061632,10
1430425956.077298,11
1430425956.091932,11
1430425956.106900,12
1430425956.120992,11
1430425956.135983,11
1430425956.151162,11
1430425956.165155,11
1430425956.179965,11
1430425956.194611,11
1430425956.209764,12
1430425956.223981,11
1430425956.239635,11
1430425956.254200,11
1430425956.269244,12
1430425956.284134,11
1430425956.298390,11
1430425956.313095,12
1430425956.328352,12
1430425956.342700,12
1430425956.358104,12
1430425956.372776,12
1430425956.387406,12
1430425956.401405,12
1430425956.416077,12
1430425956.430540,12
1430425956.445186,11
1430425956.460765,11
1430425956.476909,11
1430425956.491257,11
1430425956.506039,12
1430425956.520202,11
1430425956.534665,11
1430425956.549169,11
1430425956.562970,11
1430425956.577288,11
1430425956.592469,11
1430425956.607647,11
1430425956.622905,11
1430425956.637515,11
1430425956.652947,11
1430425956.667675,12
1430425956.681786,12
1430425956.697371,11
1430425956.712533,12
1430425956.727900,12
1430425956.743035,12
1430425956.759455,12
1430425956.774951,12
1430425956.792250,11
1430425956.809007,12
1430425956.825027,12
1430425956.839921,12
1430425956.853911,12
1430425956.867926,12
1430425956.883450,12
1430425956.898598,11
1430425956.912650,12
1430425956.927857,12
1430425956.943092,12
1430425956.957904,12
1430425956.972013,12
1430425956.986295,12
1430425957.000257,11
1430425957.016210,12
1430425957.030621,12
1430425957.044604,12
1430425957.060731,12
1430425957.075035,12
1430425957.089870,12
1430425957.104433,12
1430425957.119245,12
1430425957.134207,12
1430425957.150516,12
1430425957.166039,11
1430425957.181709,12
1430425957.196792,12
1430425957.213586,12
1430425957.227902,11
1430425957.242138,11
1430425957.257702,11
1430425957.272253,12
1430425957.287506,12
1430425957.301968,11
1430425957.317878,11
1430425957.333519,11
1430425957.348753,11
1430425957.364174,12
1430425957.379251,12
1430425957.393703,11
1430425957.409593,12
1430425957.424001,12
1430425957.438983,12
1430425957.453965,12
1430425957.470464,12
1430425957.485201,13
1430425957.500202,12
1430425957.515429,12
1430425957.529295,12
1430425957.544754,12
1430425957.559483,12
1430425957.574637,12
1430425957.589401,12
1430425957.603687,12
1430425957.618741,12
1430425957.632799,12
1430425957.654715,12
1430425957.672165,13
1430425957.689767,13
1430425957.705104,13
1430425957.719012,13
1430425957.733545,12
1430425957.748167,12
1430425957.763438,12
1430425957.779512,12
1430425957.794028,12
1430425957.809595,12
1430425957.823680,12
1430425957.839789,12
1430425957.854673,12
1430425957.869623,12
1430425957.885585,12
1430425957.899884,12
1430425957.913981,12
1430425957.930965,12
1430425957.945329,12
1430425957.963413,12
1430425957.980264,12
1430425957.996298,12
1430425958.010415,12
1430425958.025810,12
1430425958.039909,12
1430425958.055316,12
1430425958.071168,13
1430425958.085938,13
1430425958.100491,13
1430425958.114824,13
1430425958.129395,13
1430425958.144729,13
1430425958.159926,12
1430425958.176065,13
1430425958.190947,13
1430425958.206072,13
1430425958.220122,13
1430425958.234379,13
1430425958.249588,13
1430425958.264017,13
1430425958.278797,13
1430425958.293500,13
1430425958.308906,13
1430425958.323606,13
1430425958.339099,13
1430425958.353760,13
1430425958.368275,13
1430425958.382995,13
1430425958.398383,13
1430425958.414156,14
1430425958.428456,14
1430425958.443266,18
1430425958.457578,24
1430425958.471391,22
1430425958.486222,31
1430425958.501841,42
1430425958.517663,44
1430425958.531464,47
1430425958.546290,50
1430425958.560629,54
1430425958.576994,54
1430425958.591290,55
1430425958.606785,57
1430425958.622483,58
1430425958.638098,59
1430425958.652549,60
1430425958.667755,60
1430425958.683585,62
1430425958.699121,63
1430425958.713319,63
1430425958.727894,63
1430425958.742528,64
1430425958.757062,64
1430425958.771309,65
1430425958.787724,64
1430425958.802301,65
1430425958.823274,66
1430425958.839331,66
1430425958.856164,66
1430425958.870382,66
1430425958.884439,66
1430425958.899397,67
1430425958.914363,67
1430425958.928499,67
1430425958.943271,67
1430425958.960464,68
1430425958.976263,68
1430425958.991342,68
1430425959.006861,70
1430425959.021671,70
1430425959.036104,70
1430425959.050958,70
1430425959.069016,71
1430425959.086375,71
1430425959.100552,70
1430425959.114821,72
1430425959.130509,72
1430425959.146599,72
1430425959.162420,72
1430425959.176780,73
1430425959.191357,72
1430425959.206843,73
1430425959.221620,74
1430425959.236307,74
1430425959.250599,74
1430425959.264953,74
1430425959.279646,75
1430425959.294101,75
1430425959.309263,74
1430425959.323961,76
1430425959.339002,76
1430425959.353155,76
1430425959.367946,75
1430425959.383374,77
1430425959.397736,77
1430425959.417347,77
1430425959.433409,78
1430425959.453995,78
1430425959.469748,78
1430425959.486694,79
1430425959.501457,80
1430425959.517083,80
1430425959.531715,80
1430425959.546970,80
1430425959.561690,80
1430425959.577508,81
1430425959.596430,81
1430425959.611038,81
1430425959.626764,81
1430425959.640924,82
1430425959.656747,82
1430425959.671712,82
1430425959.688005,82
1430425959.702552,82
1430425959.716883,82
1430425959.731642,82
1430425959.746954,83
1430425959.761683,83
1430425959.776737,83
1430425959.791149,83
1430425959.807080,84
1430425959.822941,82
1430425959.837663,81
1430425959.855351,79
1430425959.870506,74
1430425959.888667,73
1430425959.903308,72
1430425959.918802,68
1430425959.933372,67
1430425959.948311,65
1430425959.963096,62
1430425959.978001,59
1430425959.991881,58
1430425960.007016,54
1430425960.021092,53
1430425960.035963,49
1430425960.050108,48
1430425960.067521,44
1430425960.083040,43
1430425960.098576,40
1430425960.112567,35
1430425960.127263,34
1430425960.142391,32
1430425960.157093,28
1430425960.170958,24
1430425960.185860,22
1430425960.201058,20
1430425960.215935,15
1430425960.229933,12
1430425960.244249,8
1430425960.259890,10
1430425960.276428,10
1430425960.291570,11
1430425960.306635,12
1430425960.321629,12
1430425960.336020,11
1430425960.351028,12
1430425960.365656,12
1430425960.380730,13
1430425960.395346,14
1430425960.409717,14
1430425960.424728,16
1430425960.439806,17
1430425960.455193,14
1430425960.471174,14
1430425960.491528,17
1430425960.507375,18
1430425960.529850,17
1430425960.543746,17
1430425960.558299,17
1430425960.574348,19
1430425960.588865,19
1430425960.603214,19
1430425960.618047,20
1430425960.632165,20
1430425960.647050,21
1430425960.661409,23
1430425960.677897,22
1430425960.692157,20
1430425960.709341,17
1430425960.723783,20
1430425960.739347,19
1430425960.754540,21
1430425960.769510,23
1430425960.786377,21
1430425960.800611,22
1430425960.815477,19
1430425960.830978,20
1430425960.853032,20
1430425960.868457,21
1430425960.883064,22
1430425960.898309,21
1430425960.912711,21
1430425960.927623,18
1430425960.941661,19
1430425960.956119,20
1430425960.970744,21
1430425960.986355,22
1430425961.000827,21
1430425961.015526,22
1430425961.030145,20
1430425961.044450,21
1430425961.059050,20
1430425961.073048,21
1430425961.087736,21
1430425961.102070,19
1430425961.116281,21
1430425961.133528,24
1430425961.149627,23
1430425961.167785,20
1430425961.183664,21
1430425961.200107,21
1430425961.216124,21
1430425961.232092,22
1430425961.246617,23
1430425961.260647,21
1430425961.276108,20
1430425961.290589,20
1430425961.304689,19
1430425961.319490,21
1430425961.333893,19
1430425961.350222,23
1430425961.365417,21
1430425961.380054,24
1430425961.394127,21
1430425961.409700,19
1430425961.424124,18
1430425961.439153,22
1430425961.453543,24
1430425961.469073,22
1430425961.484636,20
1430425961.500395,20
1430425961.517355,22
1430425961.531644,20
1430425961.547599,21
1430425961.561912,20
1430425961.576342,19
1430425961.590328,19
1430425961.604702,19
1430425961.618900,19
1430425961.634000,19
1430425961.648730,21
1430425961.663829,19
1430425961.679947,18
1430425961.696112,19
1430425961.710429,20
1430425961.725991,20
1430425961.742636,23
1430425961.758410,24
1430425961.774064,22
1430425961.789769,20
1430425961.804529,20
1430425961.820983,20
1430425961.835188,21
1430425961.850931,21
1430425961.867243,23
1430425961.883434,23
1430425961.900545,23
1430425961.915219,22
1430425961.929494,21
1430425961.946454,20
1430425961.961564,21
1430425961.977032,22
1430425961.991104,22
1430425962.006785,20
1430425962.022048,20
1430425962.036974,20
1430425962.052163,22
1430425962.067870,20
1430425962.082708,21
1430425962.098646,21
1430425962.113867,20
1430425962.129444,21
1430425962.143666,22
1430425962.158329,21
1430425962.172667,23
1430425962.187075,21
1430425962.201287,20
1430425962.215915,21
1430425962.230092,20
1430425962.245371,20
1430425962.260516,22
1430425962.278448,23
1430425962.292889,21
1430425962.308894,20
1430425962.324165,22
1430425962.338101,20
1430425962.353107,22
1430425962.369126,22
1430425962.383801,21
1430425962.398915,21
1430425962.415106,22
1430425962.429824,20
1430425962.444828,21
1430425962.462295,20
1430425962.478824,21
1430425962.493194,21
1430425962.510119,22
1430425962.525538,20
1430425962.540432,21
1430425962.556424,20
1430425962.570476,20
1430425962.584961,21
1430425962.600412,23
1430425962.616823,21
1430425962.631276,21
1430425962.646850,21
1430425962.661804,19
1430425962.677015,20
1430425962.692047,20
1430425962.707048,20
1430425962.722723,24
1430425962.737371,21
1430425962.751164,21
1430425962.765433,20
1430425962.779207,19
1430425962.793150,19
1430425962.808041,21
1430425962.823360,21
1430425962.838599,22
1430425962.852402,22
1430425962.866793,21
1430425962.880449,20
1430425962.895115,21
1430425962.910657,23
1430425962.926656,20
1430425962.943068,22
1430425962.958529,19
1430425962.973764,20
1430425962.988758,21
1430425963.003508,24
1430425963.019161,21
1430425963.034860,22
1430425963.049793,21
1430425963.064111,20
1430425963.080260,21
1430425963.095141,19
1430425963.110167,21
1430425963.124697,21
1430425963.139810,20
1430425963.154069,22
1430425963.168854,20
1430425963.183646,20
1430425963.198660,18
1430425963.213033,21
1430425963.228178,20
1430425963.243112,23
1430425963.258638,20
1430425963.273679,23
1430425963.289499,22
1430425963.304394,21
1430425963.320472,20
1430425963.336364,23
1430425963.350555,23
1430425963.366491,23
1430425963.381053,21
1430425963.396568,19
1430425963.410498,20
1430425963.424833,23
1430425963.439468,24
1430425963.454058,22
1430425963.469115,20
1430425963.483838,20
1430425963.500501,21
1430425963.515909,22
1430425963.531108,21
1430425963.547162,21
1430425963.561623,19
1430425963.577920,20
1430425963.591889,18
1430425963.607071,21
1430425963.621705,20
1430425963.636955,20
1430425963.651049,20
1430425963.666657,20
1430425963.683655,21
1430425963.699071,22
1430425963.713403,23
1430425963.729574,23
1430425963.743750,22
1430425963.758691,21
1430425963.774564,21
1430425963.789415,20
1430425963.804497,19
1430425963.820076,20
1430425963.834046,22
1430425963.848386,22
1430425963.862157,23
1430425963.877094,21
1430425963.891658,19
1430425963.910742,21
1430425963.926567,18
1430425963.940731,20
1430425963.955325,19
1430425963.970620,19
1430425963.984457,19
1430425964.000112,21
1430425964.014350,22
1430425964.029499,20
1430425964.044300,21
1430425964.058999,21
1430425964.073286,22
1430425964.088267,20
1430425964.102378,19
1430425964.118255,21
1430425964.133330,24
1430425964.148692,20
1430425964.163093,22
1430425964.178401,20
1430425964.196597,21
1430425964.215968,22
1430425964.230984,19
1430425964.246475,21
1430425964.262595,21
1430425964.277828,22
1430425964.292241,23
1430425964.307469,21
1430425964.322298,20
1430425964.336553,20
1430425964.350770,20
1430425964.365488,20
1430425964.379579,22
1430425964.394288,21
1430425964.408739,22
1430425964.423195,21
1430425964.437999,20
1430425964.452695,20
1430425964.467896,21
1430425964.482948,21
1430425964.498064,22
1430425964.512248,22
1430425964.527208,20
1430425964.541225,19
1430425964.556808,19
1430425964.570675,20
1430425964.585319,21
1430425964.599757,21
1430425964.614547,21
1430425964.629924,19
1430425964.645229,20
1430425964.660253,20
1430425964.675722,21
1430425964.690659,20
1430425964.704514,22
1430425964.719443,21
1430425964.737952,21
1430425964.754299,21
1430425964.768890,21
1430425964.783239,21
1430425964.798253,19
1430425964.812572,20
1430425964.827661,20
1430425964.841597,20
1430425964.855593,21
1430425964.869791,22
1430425964.886031,21
1430425964.900274,21
1430425964.914729,20
1430425964.929027,20
1430425964.943876,20
1430425964.958718,22
1430425964.972879,20
1430425964.988373,21
1430425965.002837,19
1430425965.017994,21
1430425965.032183,20
1430425965.047481,21
1430425965.063242,21
1430425965.078298,22
1430425965.092974,19
1430425965.107879,21
1430425965.121952,19
1430425965.138601,23
1430425965.152415,21
1430425965.168359,18
1430425965.186650,20
1430425965.201329,21
1430425965.216619,21
1430425965.230660,22
1430425965.245960,22
1430425965.259777,19
1430425965.274635,21
1430425965.289700,21
1430425965.304230,22
1430425965.318676,23
1430425965.336450,21
1430425965.352957,19
1430425965.368858,20
1430425965.383147,19
1430425965.404194,20
1430425965.418953,21
1430425965.433497,23
1430425965.448887,23
1430425965.462871,21
1430425965.478429,23
1430425965.492454,21
1430425965.507659,20
1430425965.521634,21
1430425965.536371,20
1430425965.550175,22
1430425965.564548,20
1430425965.583425,20
1430425965.599334,18
1430425965.615618,22
1430425965.630280,21
1430425965.644640,23
1430425965.659562,22
1430425965.673571,22
1430425965.688932,21
1430425965.703195,21
1430425965.718553,21
1430425965.733679,22
1430425965.748881,24
1430425965.763790,22
1430425965.779950,22
1430425965.794532,21
1430425965.809360,20
1430425965.826468,22
1430425965.840715,22
1430425965.856461,22
1430425965.871242,20
1430425965.885935,19
1430425965.900602,19
1430425965.915567,19
1430425965.930570,21
1430425965.945105,22
1430425965.960436,21
1430425965.976109,22
1430425965.990804,22
1430425966.009034,22
1430425966.022698,20
1430425966.036760,21
1430425966.053623,22
1430425966.067716,23
1430425966.083249,20
1430425966.099179,23
1430425966.114332,21
1430425966.130266,21
1430425966.145963,20
1430425966.160591,20
1430425966.174986,21
1430425966.194119,23
1430425966.209491,23
1430425966.223757,20
1430425966.238739,19
1430425966.254616,20
1430425966.268993,22
1430425966.284081,22
1430425966.299928,21
1430425966.314620,21
1430425966.328781,20
1430425966.343194,19
1430425966.358348,20
1430425966.372923,21
1430425966.388436,22
1430425966.403965,21
1430425966.418653,22
1430425966.432619,21
1430425966.453016,23
1430425966.468718,19
1430425966.483703,22
1430425966.497988,19
1430425966.513228,21
1430425966.528470,21
1430425966.543261,21
1430425966.564344,22
1430425966.580184,18
1430425966.595911,20
1430425966.609862,19
1430425966.626059,22
1430425966.640819,22
1430425966.656066,23
1430425966.669715,23
1430425966.684081,20
1430425966.698913,19
1430425966.712625,21
1430425966.729163,22
1430425966.743063,20
1430425966.757369,19
1430425966.771841,21
1430425966.787167,19
1430425966.801484,20
1430425966.816801,21
1430425966.833530,24
1430425966.848269,23
1430425966.862693,22
1430425966.877402,19
1430425966.891924,22
1430425966.909920,20
1430425966.925397,17
1430425966.939518,19
1430425966.955694,20
1430425966.969983,21
1430425966.984025,22
1430425966.998401,19
1430425967.014238,20
1430425967.029645,19
1430425967.043763,20
1430425967.060314,20
1430425967.076033,20
1430425967.090968,21
1430425967.106173,20
1430425967.120500,20
1430425967.138945,20
1430425967.153635,18
1430425967.168392,22
1430425967.183934,22
1430425967.203610,24
1430425967.222644,24
1430425967.238381,20
1430425967.253410,22
1430425967.270264,22
1430425967.286497,19
1430425967.300467,21
1430425967.315656,19
1430425967.329716,20
1430425967.345357,21
1430425967.360824,23
1430425967.375000,21
1430425967.389830,20
1430425967.404405,20
1430425967.419372,17
1430425967.434395,21
1430425967.450122,25
1430425967.464441,23
1430425967.478898,20
1430425967.493341,18
1430425967.508403,20
1430425967.523594,20
1430425967.538299,20
1430425967.553023,20
1430425967.568178,23
1430425967.583472,24
1430425967.598336,20
1430425967.613680,22
1430425967.628982,20
1430425967.643595,20
1430425967.660545,22
1430425967.675592,21
1430425967.690205,20
1430425967.705574,23
1430425967.719822,24
1430425967.734148,21
1430425967.749629,20
1430425967.764048,21
1430425967.778888,20
1430425967.792802,20
1430425967.808111,22
1430425967.823215,21
1430425967.838108,21
1430425967.853860,25
1430425967.869820,22
1430425967.885707,21
1430425967.900188,20
1430425967.914986,20
1430425967.929337,18
1430425967.944388,20
1430425967.960852,22
1430425967.983148,22
1430425967.998073,21
1430425968.013084,20
1430425968.028128,20
1430425968.042862,20
1430425968.057124,20
1430425968.071081,21
1430425968.085322,21
1430425968.100042,20
1430425968.114680,21
1430425968.129229,18
1430425968.146332,21
1430425968.161754,21
1430425968.176778,21
1430425968.191236,21
1430425968.205627,20
1430425968.220077,20
1430425968.234611,19
1430425968.249663,21
1430425968.265499,21
1430425968.280001,22
1430425968.295187,20
1430425968.310448,24
1430425968.325527,20
1430425968.342836,22
1430425968.358410,22
1430425968.372908,23
1430425968.388215,20
1430425968.402953,19
1430425968.418405,21
1430425968.434462,21
1430425968.449297,22
1430425968.463238,24
1430425968.478492,21
1430425968.492833,19
1430425968.508058,19
1430425968.522534,20
1430425968.544366,21
1430425968.560397,21
1430425968.574167,21
1430425968.589381,20
1430425968.603835,22
1430425968.618586,20
1430425968.637794,23
1430425968.652889,21
1430425968.669052,23
1430425968.683457,21
1430425968.698581,23
1430425968.718702,20
1430425968.734182,22
1430425968.749500,21
1430425968.763863,21
1430425968.779115,21
1430425968.793517,21
1430425968.807796,20
1430425968.822523,21
1430425968.838692,22
1430425968.853313,20
1430425968.868891,19
1430425968.883366,19
1430425968.899388,19
1430425968.913565,20
1430425968.928895,18
1430425968.944941,22
1430425968.959751,22
1430425968.974005,21
1430425968.989144,21
1430425969.003457,19
1430425969.018355,21
1430425969.032185,19
1430425969.049916,24
1430425969.065779,19
1430425969.080041,21
1430425969.095144,20
1430425969.110592,19
1430425969.124876,20
1430425969.139760,20
1430425969.154614,20
1430425969.169883,20
1430425969.185262,20
1430425969.199610,21
1430425969.213896,21
1430425969.229900,22
1430425969.243858,21
1430425969.258307,21
1430425969.273139,23
1430425969.288527,22
1430425969.302258,20
1430425969.317305,21
1430425969.330977,19
1430425969.346214,22
1430425969.363142,24
1430425969.377554,24
1430425969.391754,21
1430425969.406878,21
1430425969.421824,22
1430425969.436467,21
1430425969.450642,22
1430425969.465028,21
1430425969.479304,22
1430425969.493838,22
1430425969.508202,23
1430425969.522663,20
1430425969.537455,20
1430425969.552668,20
1430425969.567675,20
1430425969.583228,21
1430425969.598931,22
1430425969.613180,23
1430425969.629057,22
1430425969.643803,20
1430425969.658762,20
1430425969.673056,20
1430425969.687677,23
1430425969.702187,24
1430425969.717578,22
1430425969.732044,20
1430425969.747232,21
1430425969.762336,18
1430425969.777828,20
1430425969.792441,23
1430425969.806909,22
1430425969.821490,22
1430425969.836563,21
1430425969.850351,21
1430425969.864542,19
1430425969.878253,19
1430425969.893376,19
1430425969.907820,19
1430425969.923619,20
1430425969.938555,21
1430425969.953255,23
1430425969.968257,22
1430425969.982998,19
1430425969.997708,20
1430425970.012470,19
1430425970.028375,21
1430425970.042370,20
1430425970.057623,22
1430425970.071458,21
1430425970.086065,20
1430425970.100349,20
1430425970.115557,19
1430425970.130221,19
1430425970.145528,21
1430425970.160088,23
1430425970.175908,22
1430425970.190101,20
1430425970.204063,18
1430425970.218826,18
1430425970.232865,21
1430425970.247662,22
1430425970.261864,21
1430425970.275936,20
1430425970.289845,20
1430425970.304254,20
1430425970.318246,20
1430425970.332772,20
1430425970.347385,20
1430425970.363433,21
1430425970.378171,23
1430425970.392264,24
1430425970.409034,20
1430425970.424247,21
1430425970.439848,19
1430425970.453957,22
1430425970.468551,22
1430425970.483150,21
1430425970.498550,22
1430425970.512463,21
1430425970.527064,21
1430425970.541810,22
1430425970.556158,20
1430425970.570314,21
1430425970.584359,21
1430425970.598530,20
1430425970.613977,21
1430425970.629659,21
1430425970.643942,20
1430425970.662665,22
1430425970.679132,22
1430425970.693534,23
1430425970.707750,23
1430425970.723071,23
1430425970.738093,21
1430425970.752444,23
1430425970.767618,21
1430425970.782924,21
1430425970.797911,20
1430425970.811870,20
1430425970.827426,19
1430425970.841736,20
1430425970.856953,20
1430425970.871083,22
1430425970.887288,22
1430425970.905214,21
1430425970.920949,21
1430425970.935874,19
1430425970.950390,20
1430425970.966031,19
1430425970.980615,23
1430425970.995989,21
1430425971.011633,21
1430425971.026443,18
1430425971.041024,20
1430425971.056223,19
1430425971.071650,21
1430425971.085946,24
1430425971.100631,20
1430425971.117315,24
1430425971.131662,20
1430425971.147587,19
1430425971.162411,21
1430425971.178004,22
1430425971.192701,22
1430425971.207912,21
1430425971.223877,22
1430425971.237983,20
1430425971.252359,20
1430425971.267863,20
1430425971.282202,21
1430425971.296863,20
1430425971.311656,20
1430425971.326187,21
1430425971.340685,23
1430425971.356344,22
1430425971.370835,21
1430425971.386957,21
1430425971.402037,23
1430425971.416895,24
1430425971.432054,23
1430425971.446852,22
1430425971.461675,22
1430425971.476180,21
1430425971.491353,22
1430425971.506679,20
1430425971.522155,23
1430425971.537709,23
1430425971.552450,24
1430425971.568066,21
1430425971.582394,20
1430425971.597463,20
1430425971.611594,19
1430425971.626523,21
1430425971.640511,21
1430425971.655603,22
1430425971.670457,19
1430425971.688909,21
1430425971.703839,21
1430425971.718694,20
1430425971.734336,21
1430425971.749422,19
1430425971.764596,21
1430425971.780741,22
1430425971.796297,22
1430425971.811671,21
1430425971.827602,21
1430425971.841715,18
1430425971.857580,22
1430425971.871487,20
1430425971.885745,20
1430425971.900360,20
1430425971.916286,21
1430425971.930170,20
1430425971.949056,23
1430425971.963867,22
1430425971.978672,23
1430425971.992677,22
1430425972.007855,21
1430425972.022559,22
1430425972.036685,20
1430425972.051241,21
1430425972.065865,21
1430425972.080358,21
1430425972.095598,20
1430425972.110199,18
1430425972.124506,21
1430425972.138797,20
1430425972.154667,19
1430425972.168967,19
1430425972.184366,21
1430425972.199139,23
1430425972.213359,20
1430425972.228227,21
1430425972.247023,19
1430425972.262357,22
1430425972.277624,18
1430425972.291986,20
1430425972.307160,23
1430425972.322749,22
1430425972.337154,21
1430425972.352884,19
1430425972.367881,21
1430425972.383347,22
1430425972.400723,23
1430425972.416422,22
1430425972.431825,18
1430425972.446654,21
1430425972.461305,19
1430425972.476226,23
1430425972.490342,22
1430425972.507063,22
1430425972.522237,21
1430425972.537471,21
1430425972.551923,18
1430425972.567049,21
1430425972.581596,21
1430425972.596174,22
1430425972.610277,20
1430425972.625342,20
1430425972.639771,20
1430425972.654401,19
1430425972.669977,20
1430425972.684022,21
1430425972.699873,20
1430425972.714073,21
1430425972.729223,20
1430425972.743984,19
1430425972.758386,19
1430425972.773580,20
1430425972.787758,22
1430425972.802167,23
1430425972.821291,21
1430425972.835836,18
1430425972.852046,20
1430425972.869144,21
1430425972.882708,20
1430425972.901453,21
1430425972.915721,21
1430425972.929912,20
1430425972.945209,20
1430425972.959508,19
1430425972.975769,20
1430425972.990320,22
1430425973.004534,22
1430425973.018898,22
1430425973.032805,22
1430425973.047976,21
1430425973.062644,20
1430425973.077376,21
1430425973.091763,22
1430425973.106291,22
1430425973.121356,20
1430425973.136708,21
1430425973.152651,19
1430425973.166729,20
1430425973.182502,21
1430425973.198582,23
1430425973.213274,22
1430425973.228259,20
1430425973.243227,21
1430425973.259521,21
1430425973.274036,19
1430425973.288324,22
1430425973.302432,22
1430425973.317479,23
1430425973.332306,20
1430425973.348143,19
1430425973.362582,20
1430425973.377967,21
1430425973.392807,21
1430425973.407284,21
1430425973.421238,22
1430425973.436864,19
1430425973.451089,20
1430425973.466152,20
1430425973.481393,21
1430425973.497146,22
1430425973.512378,22
1430425973.526741,21
1430425973.542039,18
1430425973.556913,20
1430425973.571903,17
1430425973.587146,18
1430425973.601618,20
1430425973.617585,20
1430425973.633547,20
1430425973.648047,20
1430425973.662675,22
1430425973.678367,24
1430425973.694207,24
1430425973.710140,23
1430425973.724129,21
1430425973.740034,21
1430425973.754313,19
1430425973.770353,24
1430425973.784552,22
1430425973.799974,20
1430425973.815737,19
1430425973.830048,22
1430425973.844621,20
1430425973.859570,22
1430425973.874523,21
1430425973.888506,20
1430425973.903014,21
1430425973.918763,18
1430425973.933110,18
1430425973.947878,19
1430425973.962738,21
1430425973.977995,22
1430425973.992383,23
1430425974.009605,23
1430425974.025391,21
1430425974.040123,20
1430425974.056104,19
1430425974.071842,21
1430425974.086832,21
1430425974.101752,21
1430425974.117858,20
1430425974.133260,20
1430425974.148177,20
1430425974.164265,20
1430425974.178997,22
1430425974.193598,21
1430425974.209134,19
1430425974.223796,20
1430425974.238540,20
1430425974.252752,21
1430425974.267870,21
1430425974.281519,23
1430425974.297112,20
1430425974.312363,20
1430425974.326515,18
1430425974.343384,20
1430425974.358699,21
1430425974.375495,22
1430425974.389729,21
1430425974.404210,20
1430425974.418841,20
1430425974.432826,20
1430425974.450192,24
1430425974.464722,23
1430425974.480436,21
1430425974.494665,21
1430425974.509533,21
1430425974.523757,21
1430425974.538927,21
1430425974.552649,22
1430425974.567487,24
1430425974.581598,22
1430425974.601069,20
1430425974.617644,19
1430425974.632552,21
1430425974.647326,21
1430425974.661841,23
1430425974.677440,23
1430425974.691303,22
1430425974.705925,20
1430425974.720123,21
1430425974.734084,22
1430425974.748762,21
1430425974.764216,22
1430425974.779448,24
1430425974.794238,20
1430425974.810452,19
1430425974.826257,19
1430425974.840651,22
1430425974.855154,23
1430425974.870251,21
1430425974.886105,19
1430425974.901490,21
1430425974.916176,21
1430425974.935299,20
1430425974.949715,22
1430425974.965267,22
1430425974.979755,22
1430425974.994999,20
1430425975.009634,22
1430425975.024265,21
1430425975.038700,20
1430425975.053119,20
1430425975.067443,23
1430425975.081870,21
1430425975.097773,20
1430425975.111824,20
1430425975.126205,21
1430425975.141819,20
1430425975.157199,19
1430425975.172734,21
1430425975.187250,21
1430425975.202161,23
1430425975.216945,22
1430425975.231128,22
1430425975.246393,21
1430425975.261185,20
1430425975.277157,20
1430425975.290946,18
1430425975.305331,17
1430425975.321033,20
1430425975.335496,21
1430425975.349893,22
1430425975.364430,20
1430425975.378737,20
1430425975.392873,19
1430425975.408496,20
1430425975.425074,19
1430425975.439970,22
1430425975.454408,22
1430425975.468718,23
1430425975.483740,19
1430425975.499659,21
1430425975.514153,20
1430425975.530836,22
1430425975.549179,23
1430425975.564105,23
1430425975.579378,20
1430425975.593624,22
1430425975.608815,22
1430425975.625524,21
1430425975.639701,21
1430425975.654911,21
1430425975.669354,20
1430425975.683575,22
1430425975.698827,21
1430425975.713957,20
1430425975.728825,19
1430425975.743593,20
1430425975.758536,22
1430425975.772590,23
1430425975.787574,21
1430425975.802127,20
1430425975.820222,21
1430425975.834623,20
1430425975.850174,21
1430425975.867292,20
1430425975.881532,21
1430425975.897328,20
1430425975.911557,22
1430425975.927976,21
1430425975.948555,18
1430425975.970901,21
1430425975.985626,19
1430425976.000059,20
1430425976.014574,21
1430425976.030244,21
1430425976.045531,21
1430425976.060266,22
1430425976.075353,23
1430425976.091390,25
1430425976.106298,21
1430425976.121134,19
1430425976.136068,19
1430425976.150355,22
1430425976.165603,20
1430425976.179917,22
1430425976.195026,21
1430425976.209577,23
1430425976.224333,19
1430425976.241072,23
1430425976.256625,21
1430425976.271343,22
1430425976.286725,21
1430425976.302709,22
1430425976.317391,21
1430425976.332918,19
1430425976.348451,19
1430425976.363679,22
1430425976.378241,22
1430425976.393529,22
1430425976.409271,21
1430425976.424002,20
1430425976.439041,20
1430425976.455063,20
1430425976.469265,22
1430425976.483194,21
1430425976.498990,21
1430425976.514342,22
1430425976.528870,21
1430425976.543097,21
1430425976.558448,20
1430425976.573482,21
1430425976.587753,22
1430425976.602604,20
1430425976.617487,20
1430425976.632537,22
1430425976.650298,24
1430425976.665387,23
1430425976.679639,20
1430425976.693717,19
1430425976.708545,20
1430425976.722684,21
1430425976.737686,22
1430425976.753803,21
1430425976.768507,22
1430425976.782770,19
1430425976.799002,20
1430425976.813104,21
1430425976.828287,21
1430425976.842543,19
1430425976.858306,20
1430425976.873335,21
1430425976.887766,20
1430425976.902023,21
1430425976.916499,20
1430425976.932083,20
1430425976.947471,21
1430425976.963646,20
1430425976.977723,19
1430425976.991371,22
1430425977.006391,21
1430425977.021517,22
1430425977.036160,24
1430425977.050384,21
1430425977.066112,23
1430425977.080606,22
1430425977.096201,20
1430425977.110923,22
1430425977.127034,20
1430425977.141379,21
1430425977.164422,21
1430425977.179465,18
1430425977.196245,22
1430425977.211095,19
1430425977.225777,19
1430425977.240576,21
1430425977.255647,21
1430425977.273578,22
1430425977.289402,21
1430425977.304179,22
1430425977.319745,21
1430425977.333744,19
1430425977.348663,22
1430425977.363061,22
1430425977.377491,22
1430425977.393208,20
1430425977.407823,19
1430425977.422675,19
1430425977.437199,24
1430425977.451425,22
1430425977.466461,23
1430425977.480797,19
1430425977.495642,20
1430425977.510922,20
1430425977.524986,20
1430425977.539851,21
1430425977.555348,22
1430425977.570816,22
1430425977.585632,20
1430425977.600793,20
1430425977.616666,21
1430425977.632835,20
1430425977.648543,21
1430425977.662600,22
1430425977.677057,22
1430425977.696850,19
1430425977.712046,21
1430425977.727293,18
1430425977.741381,21
1430425977.760476,23
1430425977.775522,23
1430425977.790703,23
1430425977.805999,20
1430425977.821997,19
1430425977.839211,18
1430425977.853610,21
1430425977.868875,21
1430425977.883326,21
1430425977.899089,20
1430425977.912837,18
1430425977.928132,19
1430425977.942270,21
1430425977.956865,21
1430425977.971618,21
1430425977.986736,21
1430425978.002173,19
1430425978.018122,21
1430425978.032972,20
1430425978.048454,20
1430425978.063627,22
1430425978.078256,20
1430425978.095971,21
1430425978.110617,19
1430425978.125891,19
1430425978.140772,21
1430425978.155215,22
1430425978.170563,21
1430425978.185178,21
1430425978.200176,21
1430425978.214113,19
1430425978.228989,19
1430425978.244424,19
1430425978.258848,21
1430425978.273467,21
1430425978.289533,23
1430425978.307757,18
1430425978.322387,21
1430425978.337897,19
1430425978.352474,22
1430425978.367443,22
1430425978.383759,23
1430425978.398936,19
1430425978.414524,21
1430425978.429443,19
1430425978.443326,23
1430425978.459417,22
1430425978.476135,23
1430425978.490171,20
1430425978.505733,22
1430425978.519803,21
1430425978.534310,21
1430425978.550127,22
1430425978.566702,21
1430425978.581146,22
1430425978.596435,22
1430425978.610882,21
1430425978.625597,21
1430425978.640267,19
1430425978.656748,20
1430425978.672038,21
1430425978.687630,21
1430425978.701704,23
1430425978.716981,21
1430425978.731194,20
1430425978.747042,20
1430425978.762652,23
1430425978.777582,21
1430425978.792115,21
1430425978.806523,19
1430425978.823051,22
1430425978.837733,23
1430425978.853661,19
1430425978.869322,20
1430425978.884157,20
1430425978.903608,23
1430425978.919245,23
1430425978.933864,22
1430425978.950623,20
1430425978.965180,21
1430425978.980855,20
1430425978.995697,22
1430425979.010296,23
1430425979.026291,20
1430425979.040480,21
1430425979.054961,20
1430425979.069417,20
1430425979.083895,22
1430425979.103282,24
1430425979.117903,22
1430425979.133301,21
1430425979.149534,21
1430425979.164535,20
1430425979.179735,16
1430425979.197093,7
1430425979.211993,6
1430425979.228049,7
1430425979.244923,7
1430425979.259482,6
1430425979.273522,8
1430425979.289397,8
1430425979.303937,7
1430425979.320328,7
1430425979.334418,9
1430425979.350973,8
1430425979.366183,7
1430425979.381290,9
1430425979.396327,7
1430425979.410636,7
1430425979.424508,8
1430425979.441746,8
1430425979.456670,8
1430425979.471336,8
1430425979.487406,9
1430425979.502120,9
1430425979.517731,9
1430425979.532711,9
1430425979.548450,9
1430425979.563886,9
1430425979.578848,8
1430425979.597408,9
1430425979.612147,9
1430425979.627425,9
1430425979.642961,9
1430425979.658165,9
1430425979.672775,9
1430425979.689451,9
1430425979.703622,9
1430425979.718861,10
1430425979.736857,10
1430425979.752507,10
1430425979.766996,10
1430425979.782267,10
1430425979.798175,10
1430425979.815989,10
1430425979.830525,9
1430425979.845487,10
1430425979.862878,10
1430425979.877306,10
1430425979.891544,10
1430425979.909334,10
1430425979.923630,10
1430425979.938964,10
1430425979.954304,10
1430425979.969368,10
1430425979.984417,9
1430425979.999113,9
1430425980.013167,9
1430425980.028279,9
1430425980.042791,9
1430425980.057409,9
1430425980.072416,9
1430425980.087800,9
1430425980.102270,9
1430425980.116898,9
1430425980.132927,9
1430425980.148264,9
1430425980.162578,9
1430425980.177288,9
1430425980.191904,9
1430425980.207538,9
1430425980.221192,9
1430425980.236641,9
1430425980.251300,9
1430425980.266337,9
1430425980.280474,9
1430425980.296268,9
1430425980.311849,9
1430425980.327584,9
1430425980.348316,10
1430425980.368153,9
1430425980.382994,10
1430425980.397591,11
1430425980.412058,11
1430425980.427968,11
1430425980.442724,11
1430425980.458350,11
1430425980.473601,12
1430425980.489153,11
1430425980.503449,11
1430425980.520336,11
1430425980.536954,11
1430425980.552453,11
1430425980.567836,11
1430425980.583161,11
1430425980.597940,10
1430425980.613659,11
1430425980.629191,11
1430425980.646099,11
1430425980.661560,11
1430425980.676030,11
1430425980.693752,11
1430425980.709487,11
1430425980.723910,11
1430425980.739160,11
1430425980.753297,11
1430425980.768652,11
1430425980.783273,11
1430425980.798836,11
1430425980.813915,11
1430425980.830484,11
1430425980.844977,11
1430425980.859915,11
1430425980.875394,11
1430425980.891099,11
1430425980.906335,11
1430425980.921381,11
1430425980.936437,11
1430425980.952816,11
1430425980.967269,11
1430425980.982514,11
1430425980.998952,10
1430425981.014551,10
1430425981.030456,11
1430425981.047883,11
1430425981.062111,11
1430425981.077560,11
1430425981.092964,10
1430425981.109642,10
1430425981.124067,10
1430425981.139514,10
1430425981.155846,10
1430425981.172814,11
1430425981.187946,11
1430425981.202519,11
1430425981.217874,11
1430425981.232959,11
1430425981.248014,10
1430425981.262836,10
1430425981.277885,10
1430425981.292870,10
1430425981.307217,10
1430425981.322206,11
1430425981.337998,11
1430425981.352533,11
1430425981.367634,11
1430425981.383012,11
1430425981.397263,11
1430425981.414590,11
1430425981.429140,11
1430425981.446186,11
1430425981.462837,11
1430425981.478814,12
1430425981.493115,11
1430425981.508859,11
1430425981.523433,11
1430425981.537292,11
1430425981.551739,11
1430425981.566174,11
1430425981.580408,11
1430425981.597188,11
1430425981.611370,11
1430425981.629617,11
1430425981.647699,11
1430425981.662577,11
1430425981.680278,11
1430425981.695380,10
1430425981.711984,11
1430425981.726851,10
1430425981.744154,10
1430425981.760200,11
1430425981.775748,11
1430425981.790763,11
1430425981.805868,11
1430425981.821395,10
1430425981.837394,11
1430425981.856402,10
1430425981.875529,11
1430425981.890074,11
1430425981.907183,12
1430425981.922132,12
1430425981.937643,12
1430425981.951745,12
1430425981.967181,12
1430425981.982044,12
1430425981.997147,12
1430425982.012221,12
1430425982.026480,12
1430425982.041282,12
1430425982.055491,12
1430425982.070406,12
1430425982.085551,12
1430425982.099325,12
1430425982.113467,12
1430425982.127683,12
1430425982.142668,12
1430425982.158130,12
1430425982.173115,12
1430425982.188296,11
1430425982.202706,11
1430425982.218219,11
1430425982.232934,11
1430425982.247589,11
1430425982.262677,11
1430425982.277184,11
1430425982.291858,11
1430425982.306487,11
1430425982.321342,11
1430425982.335596,11
1430425982.350045,11
1430425982.363973,11
1430425982.379049,11
1430425982.393855,11
1430425982.408137,11
1430425982.423871,11
1430425982.439280,11
1430425982.454701,11
1430425982.469411,11
1430425982.484048,12
1430425982.498931,11
1430425982.513381,11
1430425982.529132,11
1430425982.544348,12
1430425982.559177,12
1430425982.573653,12
1430425982.589068,12
1430425982.605769,12
1430425982.620373,12
1430425982.634404,12
1430425982.649804,12
1430425982.665489,12
1430425982.680385,12
1430425982.695664,12
1430425982.710307,12
1430425982.725257,12
1430425982.740261,12
1430425982.756850,12
1430425982.771804,12
1430425982.787421,12
1430425982.802495,12
1430425982.816988,12
1430425982.832216,12
1430425982.849718,12
1430425982.865880,12
1430425982.880682,12
1430425982.902002,12
1430425982.918173,12
1430425982.932034,12
1430425982.948742,12
1430425982.968775,12
1430425982.983633,12
1430425982.998963,11
1430425983.013930,11
1430425983.029632,11
1430425983.047200,11
1430425983.061327,11
1430425983.076827,11
1430425983.091901,11
1430425983.110162,11
1430425983.125146,11
1430425983.141322,11
1430425983.157482,11
1430425983.171785,11
1430425983.186621,11
1430425983.201394,11
1430425983.219669,11
1430425983.234607,11
1430425983.249296,11
1430425983.264638,11
1430425983.278683,11
1430425983.292863,11
1430425983.308446,11
1430425983.322532,11
1430425983.337954,11
1430425983.352862,12
1430425983.367521,12
1430425983.382213,12
1430425983.397575,12
1430425983.412643,12
1430425983.428561,12
1430425983.443819,12
1430425983.459002,12
1430425983.473415,12
1430425983.488468,13
1430425983.502411,12
1430425983.517705,12
1430425983.534172,12
1430425983.548962,12
1430425983.563341,12
1430425983.577623,12
1430425983.593866,12
1430425983.609186,11
1430425983.625432,12
1430425983.639571,12
1430425983.653965,12
1430425983.668910,12
1430425983.683263,12
1430425983.702402,12
1430425983.719011,12
1430425983.734597,12
1430425983.750169,12
1430425983.764248,12
1430425983.778828,12
1430425983.793332,12
1430425983.807601,12
1430425983.822992,12
1430425983.837989,12
1430425983.852093,12
1430425983.866897,12
1430425983.881571,12
1430425983.896409,12
1430425983.916092,12
1430425983.931186,12
1430425983.946421,12
1430425983.961567,12
1430425983.976052,13
1430425983.991854,13
1430425984.007308,12
1430425984.021405,13
1430425984.040074,13
1430425984.055337,13
1430425984.070007,13
1430425984.087003,13
1430425984.101388,13
1430425984.116217,13
1430425984.130256,13
1430425984.145628,13
1430425984.162825,13
1430425984.178160,13
1430425984.192603,13
1430425984.208265,13
1430425984.222932,12
1430425984.239551,12
1430425984.254875,12
1430425984.269112,12
1430425984.284288,13
1430425984.298818,13
1430425984.315718,12
1430425984.329824,13
1430425984.346788,13
1430425984.361280,13
1430425984.375815,12
1430425984.396665,13
1430425984.412891,13
1430425984.428926,13
1430425984.443565,13
1430425984.459632,13
1430425984.473922,13
1430425984.495452,14
1430425984.510474,13
1430425984.524913,13
1430425984.541997,13
1430425984.556478,12
1430425984.570831,13
1430425984.586423,13
1430425984.600780,13
1430425984.617180,13
1430425984.632453,12
1430425984.648152,12
1430425984.662440,12
1430425984.677777,12
1430425984.691767,12
1430425984.707185,12
1430425984.721608,12
1430425984.737743,12
1430425984.752051,12
1430425984.766492,12
1430425984.780842,12
1430425984.797756,12
1430425984.811925,12
1430425984.826532,12
1430425984.841057,12
1430425984.855605,12
1430425984.869813,12
1430425984.887745,12
1430425984.902251,12
1430425984.916428,12
1430425984.933174,12
1430425984.948506,12
1430425984.963291,12
1430425984.978580,12
1430425984.993557,12
1430425985.008687,12
1430425985.025601,13
1430425985.040465,13
1430425985.056530,12
1430425985.070729,12
1430425985.087766,12
1430425985.101771,12
1430425985.116900,13
1430425985.130749,13
1430425985.146697,13
1430425985.162587,13
1430425985.178030,13
1430425985.191812,12
1430425985.208507,13
1430425985.222810,13
1430425985.237949,13
1430425985.253242,13
1430425985.268895,12
1430425985.284274,13
1430425985.298527,12
1430425985.313311,12
1430425985.327689,12
1430425985.343439,12
1430425985.357198,12
1430425985.371768,12
1430425985.386753,13
1430425985.401741,12
1430425985.417636,13
1430425985.432183,13
1430425985.447121,13
1430425985.461616,13
1430425985.476883,13
1430425985.493080,13
1430425985.508770,13
1430425985.524837,13
1430425985.540192,13
1430425985.555839,13
1430425985.571506,13
1430425985.587061,12
1430425985.602415,13
1430425985.617166,13
1430425985.632334,12
1430425985.648913,13
1430425985.663362,13
1430425985.679333,13
1430425985.693371,13
1430425985.714042,13
1430425985.729378,13
1430425985.743510,13
1430425985.759820,13
1430425985.774648,13
1430425985.788713,13
1430425985.803151,13
1430425985.819027,13
1430425985.834502,13
1430425985.848399,13
1430425985.863444,12
1430425985.878262,13
1430425985.893564,13
1430425985.907947,13
1430425985.922101,13
1430425985.937726,13
1430425985.951728,13
1430425985.965872,13
1430425985.980423,13
1430425985.995336,13
1430425986.009609,12
1430425986.023870,13
1430425986.039121,13
1430425986.054017,13
1430425986.069689,13
1430425986.084419,13
1430425986.100078,13
1430425986.115211,13
1430425986.129575,13
1430425986.144347,13
1430425986.158815,13
1430425986.173123,13
1430425986.188214,13
1430425986.202746,13
1430425986.218235,13
1430425986.234366,12
1430425986.249425,13
1430425986.266363,13
1430425986.280599,13
1430425986.295465,13
1430425986.310576,13
1430425986.326915,13
1430425986.342411,13
1430425986.360440,13
1430425986.375049,13
1430425986.393132,13
1430425986.414152,13
1430425986.430291,13
1430425986.444368,13
1430425986.458310,13
1430425986.473001,13
1430425986.488147,14
1430425986.504014,12
1430425986.517908,12
1430425986.533099,12
1430425986.548793,12
1430425986.563365,13
1430425986.578845,13
1430425986.593653,13
1430425986.614663,13
1430425986.630884,13
1430425986.645439,13
1430425986.659549,13
1430425986.674395,13
1430425986.689156,13
1430425986.703239,13
1430425986.717774,13
1430425986.732873,13
1430425986.755435,12
1430425986.770399,13
1430425986.787524,13
1430425986.802398,13
1430425986.817141,13
1430425986.834249,12
1430425986.849325,13
1430425986.867320,13
1430425986.881522,13
1430425986.896909,12
1430425986.912030,12
1430425986.926766,12
1430425986.940690,13
1430425986.957758,13
1430425986.973051,13
1430425986.993280,13
1430425987.008619,13
1430425987.022810,13
1430425987.037437,13
1430425987.052606,13
1430425987.067216,13
1430425987.081740,13
1430425987.097171,12
1430425987.113654,13
1430425987.128011,13
1430425987.142386,13
1430425987.157715,13
1430425987.171892,13
1430425987.187849,13
1430425987.205980,13
1430425987.222032,13
1430425987.237475,13
1430425987.252024,13
1430425987.268179,13
1430425987.282859,13
1430425987.298404,13
1430425987.312806,13
1430425987.328353,13
1430425987.347414,13
1430425987.362320,13
1430425987.377245,13
1430425987.392216,13
1430425987.406293,13
1430425987.421158,13
1430425987.435624,13
1430425987.450270,13
1430425987.465480,13
1430425987.480562,13
1430425987.495561,14
1430425987.510273,13
1430425987.524932,13
1430425987.540010,13
1430425987.553981,13
1430425987.568937,13
1430425987.583429,13
1430425987.599245,13
1430425987.613250,13
1430425987.628957,13
1430425987.643558,13
1430425987.659350,13
1430425987.673793,13
1430425987.688135,13
1430425987.701873,13
1430425987.716939,13
1430425987.731915,13
1430425987.747249,13
1430425987.761514,13
1430425987.776778,13
1430425987.790806,13
1430425987.805376,13
1430425987.821319,13
1430425987.837577,13
1430425987.851514,13
1430425987.865748,13
1430425987.880756,13
1430425987.896617,13
1430425987.910831,13
1430425987.925563,13
1430425987.940854,13
1430425987.956073,13
1430425987.970817,13
1430425987.986441,13
1430425988.001265,13
1430425988.016218,13
1430425988.030820,12
1430425988.045359,13
1430425988.059419,13
1430425988.073497,13
1430425988.088842,13
1430425988.102735,13
1430425988.118450,13
1430425988.132853,13
1430425988.151084,13
1430425988.166562,13
1430425988.181287,13
1430425988.195718,14
1430425988.210262,14
1430425988.226217,14
1430425988.240711,14
1430425988.255344,13
1430425988.269456,14
1430425988.285660,14
1430425988.301334,14
1430425988.316413,13
1430425988.330875,14
1430425988.347970,14
1430425988.362535,14
1430425988.378374,14
1430425988.392618,13
1430425988.407465,14
1430425988.421939,14
1430425988.437547,14
1430425988.451639,13
1430425988.466608,14
1430425988.480716,13
1430425988.495068,15
1430425988.509696,13
1430425988.526257,14
1430425988.540402,14
1430425988.554424,14
1430425988.569245,14
1430425988.583870,14
1430425988.598855,14
1430425988.613304,14
1430425988.629177,14
1430425988.643900,13
1430425988.659298,14
1430425988.673055,3
1430425988.687832,0
1430425988.703336,1
1430425988.718664,0
1430425988.733391,0
1430425988.748880,0
1430425988.763314,0
1430425988.777409,0
1430425988.792537,0
1430425988.807171,0
1430425988.822000,0
1430425988.837777,0
1430425988.853154,0
1430425988.871109,0
1430425988.887748,0
1430425988.902616,0
1430425988.918708,0
1430425988.933101,0
1430425988.948177,0
1430425988.963046,0
1430425988.977560,0
1430425988.992183,0
1430425989.008841,0
1430425989.023311,0
1430425989.042224,0
1430425989.057921,0
1430425989.071953,0
1430425989.087823,0
1430425989.106137,0
1430425989.122345,0
1430425989.137139,0
1430425989.152856,0
1430425989.168374,0
1430425989.183744,0
1430425989.202509,0
1430425989.218140,0
1430425989.232477,0
1430425989.247860,0
1430425989.266160,0
1430425989.282002,0
1430425989.297136,0
1430425989.315911,0
1430425989.332862,0
1430425989.349122,0
1430425989.363507,0
1430425989.378420,0
1430425989.395620,0
1430425989.412609,0
1430425989.426656,0
1430425989.444711,0
