1430426051.977147,0
1430426051.995581,0
1430426052.010359,6
1430426052.025369,2
1430426052.041153,7
1430426052.057406,10
1430426052.071462,8
1430426052.086850,9
1430426052.101374,9
1430426052.116250,9
1430426052.130963,9
1430426052.145968,9
1430426052.164021,10
1430426052.189847,10
1430426052.205192,10
1430426052.220392,10
1430426052.235403,11
1430426052.249857,11
1430426052.264667,11
1430426052.280845,11
1430426052.298084,11
1430426052.312041,12
1430426052.326740,12
1430426052.340875,11
1430426052.355552,11
1430426052.369958,11
1430426052.385067,11
1430426052.399063,11
1430426052.413477,11
1430426052.427676,11
1430426052.442196,11
1430426052.456449,11
1430426052.471214,11
1430426052.486977,11
1430426052.503748,11
1430426052.518735,12
1430426052.537165,12
1430426052.551493,12
1430426052.567923,12
1430426052.582227,12
1430426052.598333,12
1430426052.613323,12
1430426052.628172,12
1430426052.641823,11
1430426052.658670,11
1430426052.673190,11
1430426052.688995,11
1430426052.703961,11
1430426052.718943,11
1430426052.734233,11
1430426052.751366,11
1430426052.768121,12
1430426052.783803,11
1430426052.799163,12
1430426052.812846,12
1430426052.827884,12
1430426052.842581,12
1430426052.857793,12
1430426052.872147,11
1430426052.888345,12
1430426052.902536,11
1430426052.918968,11
1430426052.933223,12
1430426052.947425,12
1430426052.961956,11
1430426052.975731,11
1430426052.990022,13
1430426053.004463,12
1430426053.018760,12
1430426053.033285,11
1430426053.049210,11
1430426053.065586,11
1430426053.079547,11
1430426053.093625,11
1430426053.108404,11
1430426053.123017,11
1430426053.138145,12
1430426053.154044,11
1430426053.169615,12
1430426053.184719,11
1430426053.198699,12
1430426053.213445,12
1430426053.227436,12
1430426053.241110,11
1430426053.255826,12
1430426053.270035,12
1430426053.285250,11
1430426053.299702,12
1430426053.313816,12
1430426053.328743,11
1430426053.347899,12
1430426053.362046,12
1430426053.376596,12
1430426053.390410,12
1430426053.404519,12
1430426053.418563,11
1430426053.433970,12
1430426053.449540,12
1430426053.463721,12
1430426053.478527,12
1430426053.493823,12
1430426053.508710,12
1430426053.522811,11
1430426053.537337,11
1430426053.551820,11
1430426053.566311,11
1430426053.580737,12
1430426053.595156,12
1430426053.610115,12
1430426053.625062,12
1430426053.639630,12
1430426053.655593,12
1430426053.669823,12
1430426053.685043,11
1430426053.699416,12
1430426053.714531,11
1430426053.728807,12
1430426053.743911,12
1430426053.758419,12
1430426053.772389,11
1430426053.787610,12
1430426053.802203,12
1430426053.818471,11
1430426053.835217,12
1430426053.852153,11
1430426053.866810,11
1430426053.880748,12
1430426053.894956,12
1430426053.909473,12
1430426053.924033,11
1430426053.939041,12
1430426053.953730,10
1430426053.968675,11
1430426053.982908,11
1430426053.997418,12
1430426054.021974,11
1430426054.041956,11
1430426054.057185,12
1430426054.071270,12
1430426054.088828,12
1430426054.102767,12
1430426054.117782,12
1430426054.133406,11
1430426054.152934,12
1430426054.168499,12
1430426054.182509,12
1430426054.197503,12
1430426054.212661,12
1430426054.227502,12
1430426054.242697,12
1430426054.257758,12
1430426054.272132,12
1430426054.286049,12
1430426054.300829,12
1430426054.315451,12
1430426054.329883,12
1430426054.345002,12
1430426054.359806,12
1430426054.376013,12
1430426054.390505,12
1430426054.404651,12
1430426054.420356,12
1430426054.435400,12
1430426054.450197,12
1430426054.465305,12
1430426054.479596,12
1430426054.495144,12
1430426054.509237,12
1430426054.524032,12
1430426054.538927,12
1430426054.553237,12
1430426054.568442,13
1430426054.584837,12
1430426054.598791,12
1430426054.612996,12
1430426054.628362,13
1430426054.642175,12
1430426054.659981,12
1430426054.675736,12
1430426054.690328,12
1430426054.704698,12
1430426054.719872,12
1430426054.735211,12
1430426054.749182,12
1430426054.764971,12
1430426054.779302,12
1430426054.793768,12
1430426054.808449,11
1430426054.822795,12
1430426054.839189,12
1430426054.854988,12
1430426054.869401,12
1430426054.884456,12
1430426054.903990,12
1430426054.918862,12
1430426054.934633,12
1430426054.950581,12
1430426054.964639,12
1430426054.979494,12
1430426054.995794,13
1430426055.010047,12
1430426055.025125,12
1430426055.038801,13
1430426055.053004,13
1430426055.067870,13
1430426055.082284,13
1430426055.097055,13
1430426055.111637,13
1430426055.126325,13
1430426055.140059,13
1430426055.155730,12
1430426055.169715,13
1430426055.185183,13
1430426055.206209,12
1430426055.220334,12
1430426055.234593,11
1430426055.250555,11
1430426055.265513,11
1430426055.279780,11
1430426055.294323,11
1430426055.309064,11
1430426055.325789,11
1430426055.340073,11
1430426055.355824,11
1430426055.371539,11
1430426055.386655,12
1430426055.401365,12
1430426055.416179,12
1430426055.436811,12
1430426055.451692,12
1430426055.466953,12
1430426055.481455,12
1430426055.495695,12
1430426055.510236,12
1430426055.530458,12
1430426055.546009,12
1430426055.560839,12
1430426055.576583,12
1430426055.590853,12
1430426055.606067,12
1430426055.620577,12
1430426055.639508,12
1430426055.655019,12
1430426055.670335,12
1430426055.685095,11
1430426055.698975,12
1430426055.713265,11
1430426055.728225,12
1430426055.742576,11
1430426055.756611,11
1430426055.771615,11
1430426055.786008,11
1430426055.800770,12
1430426055.815377,11
1430426055.831179,11
1430426055.845723,11
1430426055.860376,12
1430426055.875524,12
1430426055.889826,11
1430426055.903887,12
1430426055.918910,11
1430426055.933590,11
1430426055.947920,11
1430426055.961985,12
1430426055.977036,11
1430426055.990837,12
1430426056.005225,11
1430426056.019594,11
1430426056.034332,11
1430426056.049302,11
1430426056.064140,12
1430426056.079660,11
1430426056.093919,11
1430426056.108266,11
1430426056.123378,11
1430426056.137586,11
1430426056.152648,11
1430426056.166556,11
1430426056.180999,11
1430426056.196410,11
1430426056.211951,11
1430426056.227462,11
1430426056.242024,11
1430426056.256625,11
1430426056.271706,11
1430426056.287048,11
1430426056.301210,11
1430426056.315258,11
1430426056.330397,11
1430426056.345610,11
1430426056.359839,11
1430426056.374706,11
1430426056.389583,12
1430426056.409360,11
1430426056.426808,11
1430426056.441423,11
1430426056.456456,11
1430426056.470893,11
1430426056.486120,11
1430426056.500243,11
1430426056.515025,11
1430426056.530304,11
1430426056.545750,11
1430426056.560119,11
1430426056.577809,10
1430426056.593112,10
1430426056.608314,9
1430426056.623213,11
1430426056.638244,11
1430426056.656299,10
1430426056.670776,11
1430426056.685326,10
1430426056.699765,11
1430426056.715820,11
1430426056.730993,11
1430426056.746677,11
1430426056.760792,10
1430426056.775509,10
1430426056.789208,10
1430426056.803800,10
1430426056.823851,10
1430426056.839202,11
1430426056.854349,11
1430426056.868614,11
1430426056.884081,11
1430426056.900266,11
1430426056.917032,11
1430426056.931040,10
1430426056.952857,11
1430426056.969194,10
1430426056.985711,10
1430426057.002635,12
1430426057.017663,11
1430426057.031978,11
1430426057.050701,11
1430426057.070693,11
1430426057.087339,10
1430426057.102019,10
1430426057.116642,10
1430426057.131327,10
1430426057.146531,10
1430426057.160502,10
1430426057.176214,10
1430426057.189857,10
1430426057.204310,10
1430426057.219619,10
1430426057.234417,10
1430426057.248962,10
1430426057.264301,10
1430426057.279099,10
1430426057.295264,10
1430426057.309762,10
1430426057.324199,10
1430426057.339429,10
1430426057.354875,10
1430426057.368811,10
1430426057.383155,10
1430426057.398387,10
1430426057.413493,10
1430426057.428011,10
1430426057.442518,10
1430426057.456846,10
1430426057.472450,10
1430426057.486562,10
1430426057.501006,10
1430426057.516277,10
1430426057.530693,10
1430426057.545633,10
1430426057.560297,10
1430426057.574721,10
1430426057.590616,10
1430426057.606526,10
1430426057.621295,10
1430426057.636935,10
1430426057.651094,10
1430426057.666736,10
1430426057.681701,10
1430426057.696369,10
1430426057.710678,10
1430426057.725798,10
1430426057.740956,10
1430426057.755790,10
1430426057.770187,10
1430426057.784992,10
1430426057.800966,10
1430426057.816176,10
1430426057.830463,10
1430426057.846566,10
1430426057.861232,10
1430426057.876409,10
1430426057.890371,10
1430426057.906134,10
1430426057.920409,10
1430426057.935450,10
1430426057.950764,10
1430426057.966670,10
1430426057.981295,11
1430426057.996385,11
1430426058.010634,10
1430426058.026959,10
1430426058.042613,10
1430426058.058009,10
1430426058.073457,11
1430426058.087965,10
1430426058.103233,10
1430426058.117742,11
1430426058.132535,11
1430426058.147334,10
1430426058.161620,10
1430426058.177854,10
1430426058.195511,10
1430426058.210804,10
1430426058.225898,11
1430426058.243623,11
1430426058.259188,11
1430426058.273956,11
1430426058.288331,11
1430426058.302628,11
1430426058.317600,11
1430426058.336328,11
1430426058.352201,11
1430426058.366529,11
1430426058.381369,11
1430426058.397961,11
1430426058.412364,11
1430426058.428248,11
1430426058.443530,11
1430426058.459030,11
1430426058.476789,11
1430426058.492356,11
1430426058.507404,11
1430426058.521999,11
1430426058.537096,11
1430426058.552430,10
1430426058.567680,10
1430426058.587022,10
1430426058.601962,10
1430426058.616583,10
1430426058.631460,10
1430426058.647743,10
1430426058.664027,10
1430426058.679197,11
1430426058.693781,11
1430426058.709177,10
1430426058.725312,11
1430426058.740140,11
1430426058.754720,11
1430426058.770214,11
1430426058.787287,11
1430426058.801844,11
1430426058.819849,11
1430426058.835420,11
1430426058.851758,11
1430426058.867182,11
1430426058.881120,11
1430426058.897313,11
1430426058.912473,10
1430426058.927700,10
1430426058.941876,11
1430426058.957323,10
1430426058.972199,10
1430426058.986911,10
1430426059.001073,11
1430426059.016822,11
1430426059.031018,10
1430426059.046964,11
1430426059.062774,10
1430426059.078108,10
1430426059.092568,10
1430426059.108510,10
1430426059.125584,10
1430426059.142867,10
1430426059.158134,10
1430426059.173068,10
1430426059.188550,11
1430426059.203446,11
1430426059.218098,11
1430426059.233001,11
1430426059.248564,11
1430426059.264015,11
1430426059.283218,10
1430426059.298290,10
1430426059.313819,11
1430426059.328795,10
1430426059.343540,11
1430426059.357693,11
1430426059.372931,11
1430426059.387251,10
1430426059.403233,11
1430426059.418198,11
1430426059.433182,11
1430426059.449346,11
1430426059.464190,11
1430426059.478940,11
1430426059.494229,11
1430426059.508472,10
1430426059.523193,11
1430426059.539685,10
1430426059.554669,11
1430426059.570946,11
1430426059.587645,11
1430426059.603462,11
1430426059.617895,11
1430426059.632085,11
1430426059.650446,10
1430426059.665346,11
1430426059.678806,11
1430426059.701123,11
1430426059.717866,11
1430426059.733278,11
1430426059.748385,11
1430426059.763269,11
1430426059.777881,11
1430426059.795912,10
1430426059.811148,10
1430426059.826355,11
1430426059.842326,10
1430426059.858728,10
1430426059.874306,11
1430426059.888974,11
1430426059.907061,11
1430426059.921578,11
1430426059.936233,11
1430426059.951850,11
1430426059.966608,11
1430426059.981500,10
1430426059.997177,12
1430426060.011681,11
1430426060.026079,10
1430426060.040530,11
1430426060.055015,11
1430426060.069527,11
1430426060.084186,11
1430426060.099065,10
1430426060.113515,11
1430426060.128680,11
1430426060.143628,11
1430426060.158244,10
1430426060.173322,11
1430426060.187449,10
1430426060.201159,11
1430426060.215370,10
1430426060.231011,11
1430426060.251365,11
1430426060.279236,10
1430426060.293876,10
1430426060.308455,10
1430426060.323924,11
1430426060.338106,11
1430426060.351656,11
1430426060.366593,10
1430426060.382232,10
1430426060.397038,10
1430426060.411275,10
1430426060.427145,10
1430426060.443074,10
1430426060.458406,11
1430426060.472723,11
1430426060.488279,11
1430426060.502294,11
1430426060.517664,11
1430426060.532203,11
1430426060.546847,11
1430426060.561141,10
1430426060.576818,11
1430426060.591356,11
1430426060.607715,11
1430426060.623130,11
1430426060.638162,11
1430426060.653031,11
1430426060.667510,11
1430426060.690665,11
1430426060.709737,11
1430426060.726666,11
1430426060.742400,11
1430426060.756832,11
1430426060.771171,11
1430426060.786536,11
1430426060.802200,11
1430426060.817467,10
1430426060.831919,10
1430426060.847236,10
1430426060.861768,10
1430426060.877940,10
1430426060.892134,10
1430426060.906711,10
1430426060.920749,11
1430426060.936138,10
1430426060.950632,10
1430426060.965086,10
1430426060.979904,10
1430426060.995749,11
1430426061.010857,10
1430426061.026099,10
1430426061.040278,10
1430426061.055353,10
1430426061.070680,10
1430426061.086834,11
1430426061.100921,11
1430426061.118364,11
1430426061.136353,11
1430426061.151479,11
1430426061.166159,11
1430426061.180263,11
1430426061.195771,11
1430426061.209773,11
1430426061.224947,10
1430426061.239857,10
1430426061.254456,10
1430426061.269632,10
1430426061.283941,10
1430426061.300920,10
1430426061.316684,10
1430426061.331052,11
1430426061.346043,10
1430426061.360314,11
1430426061.375007,11
1430426061.389611,11
1430426061.403675,11
1430426061.417911,11
1430426061.432012,11
1430426061.446245,11
1430426061.462198,11
1430426061.478270,11
1430426061.493308,11
1430426061.508715,11
1430426061.523300,11
1430426061.538577,11
1430426061.552481,11
1430426061.567558,11
1430426061.582011,11
1430426061.596959,11
1430426061.611381,11
1430426061.626256,11
1430426061.641103,11
1430426061.656595,11
1430426061.671662,11
1430426061.686865,11
1430426061.700948,11
1430426061.716632,11
1430426061.730364,11
1430426061.745092,11
1430426061.760212,11
1430426061.774537,11
1430426061.789911,11
1430426061.804165,11
1430426061.818768,10
1430426061.832981,11
1430426061.847971,11
1430426061.863976,11
1430426061.878379,11
1430426061.892470,11
1430426061.908374,11
1430426061.922256,11
1430426061.938125,11
1430426061.952259,11
1430426061.967527,10
1430426061.982304,11
1430426061.997221,13
1430426062.012313,11
1430426062.026965,22
1430426062.041128,23
1430426062.056156,36
1430426062.070885,39
1430426062.086220,38
1430426062.101658,34
1430426062.115714,31
1430426062.129633,30
1430426062.147058,30
1430426062.161549,26
1430426062.176140,23
1430426062.190640,22
1430426062.206604,19
1430426062.221015,16
1430426062.236617,14
1430426062.251052,11
1430426062.265385,13
1430426062.279725,11
1430426062.294684,13
1430426062.309488,14
1430426062.325361,15
1430426062.339955,14
1430426062.355379,14
1430426062.369544,15
1430426062.384155,16
1430426062.398651,17
1430426062.413990,17
1430426062.428530,18
1430426062.443350,18
1430426062.459131,18
1430426062.474361,19
1430426062.489217,20
1430426062.503333,17
1430426062.518836,18
1430426062.533569,21
1430426062.549612,20
1430426062.563999,21
1430426062.579040,22
1430426062.594181,21
1430426062.609244,24
1430426062.624665,21
1430426062.638891,20
1430426062.653055,22
1430426062.667527,20
1430426062.681897,20
1430426062.696820,22
1430426062.711309,21
1430426062.727615,20
1430426062.741655,21
1430426062.756182,19
1430426062.770819,20
1430426062.785490,19
1430426062.800569,24
1430426062.815177,22
1430426062.829693,21
1430426062.844944,19
1430426062.859341,19
1430426062.874146,19
1430426062.889887,20
1430426062.904166,21
1430426062.918109,21
1430426062.932355,22
1430426062.947196,21
1430426062.962540,20
1430426062.976759,21
1430426062.990676,19
1430426063.005155,19
1430426063.019369,20
1430426063.033457,20
1430426063.048559,20
1430426063.063559,20
1430426063.078052,22
1430426063.094389,22
1430426063.108402,21
1430426063.123452,20
1430426063.138682,19
1430426063.153005,19
1430426063.167330,20
1430426063.181642,21
1430426063.196396,23
1430426063.211090,22
1430426063.225404,20
1430426063.239408,20
1430426063.254241,21
1430426063.269075,23
1430426063.282507,22
1430426063.298177,23
1430426063.312208,24
1430426063.327825,20
1430426063.343810,20
1430426063.358837,18
1430426063.375466,18
1430426063.389244,20
1430426063.403894,20
1430426063.418651,20
1430426063.433395,20
1430426063.448307,22
1430426063.463306,22
1430426063.477596,23
1430426063.492375,20
1430426063.507258,21
1430426063.521190,21
1430426063.535817,21
1430426063.550221,20
1430426063.565902,20
1430426063.580362,21
1430426063.594299,22
1430426063.609598,20
1430426063.624950,21
1430426063.639565,20
1430426063.654160,19
1430426063.668432,20
1430426063.682751,20
1430426063.696814,21
1430426063.711400,20
1430426063.725554,22
1430426063.739914,21
1430426063.756131,18
1430426063.770141,20
1430426063.784950,21
1430426063.800396,20
1430426063.814565,22
1430426063.829259,21
1430426063.844729,21
1430426063.861194,21
1430426063.875643,21
1430426063.890287,22
1430426063.904165,21
1430426063.918777,19
1430426063.932966,21
1430426063.947555,19
1430426063.964966,21
1430426063.979797,25
1430426063.995297,23
1430426064.010177,22
1430426064.025699,23
1430426064.039485,20
1430426064.054018,20
1430426064.068739,19
1430426064.083491,18
1430426064.099193,21
1430426064.113406,20
1430426064.127659,22
1430426064.141868,22
1430426064.157889,23
1430426064.173347,18
1430426064.187747,19
1430426064.202923,20
1430426064.217948,21
1430426064.232598,22
1430426064.247783,21
1430426064.262392,21
1430426064.276884,19
1430426064.291198,19
1430426064.305807,19
1430426064.320174,20
1430426064.335441,21
1430426064.349545,21
1430426064.368184,24
1430426064.382328,22
1430426064.398305,22
1430426064.413593,22
1430426064.428785,22
1430426064.442712,22
1430426064.458334,20
1430426064.472235,20
1430426064.487321,18
1430426064.501894,21
1430426064.518188,20
1430426064.534250,22
1430426064.551136,22
1430426064.568813,22
1430426064.583213,20
1430426064.598751,21
1430426064.613829,20
1430426064.630161,22
1430426064.645980,22
1430426064.660398,20
1430426064.676061,21
1430426064.691543,20
1430426064.706775,20
1430426064.721346,19
1430426064.736832,22
1430426064.751417,23
1430426064.766721,20
1430426064.780737,20
1430426064.797017,22
1430426064.811383,21
1430426064.827259,22
1430426064.841763,23
1430426064.860873,23
1430426064.876636,20
1430426064.891094,21
1430426064.905610,20
1430426064.921047,20
1430426064.937567,22
1430426064.954914,24
1430426064.969912,24
1430426064.985278,25
1430426064.999673,23
1430426065.014235,21
1430426065.029957,22
1430426065.044666,21
1430426065.060083,23
1430426065.075056,21
1430426065.089516,24
1430426065.104235,21
1430426065.118519,21
1430426065.133248,22
1430426065.148167,22
1430426065.162455,20
1430426065.177540,22
1430426065.193311,22
1430426065.207890,20
1430426065.222652,22
1430426065.237774,21
1430426065.253229,22
1430426065.267615,20
1430426065.281887,21
1430426065.297868,20
1430426065.313213,19
1430426065.328200,21
1430426065.342816,20
1430426065.358109,18
1430426065.372259,23
1430426065.388139,21
1430426065.402788,23
1430426065.416815,19
1430426065.432067,20
1430426065.447206,18
1430426065.462468,22
1430426065.476994,20
1430426065.491243,20
1430426065.507532,22
1430426065.522099,21
1430426065.537482,22
1430426065.551633,22
1430426065.566708,19
1430426065.582319,19
1430426065.597747,20
1430426065.611588,22
1430426065.626717,21
1430426065.640738,23
1430426065.656694,20
1430426065.671478,20
1430426065.685364,19
1430426065.699403,20
1430426065.715252,22
1430426065.729553,22
1430426065.744034,21
1430426065.759455,22
1430426065.773813,20
1430426065.788594,22
1430426065.804262,21
1430426065.819614,23
1430426065.835620,24
1430426065.853544,20
1430426065.867800,21
1430426065.883198,18
1430426065.897422,22
1430426065.912514,22
1430426065.930129,23
1430426065.945710,21
1430426065.960271,20
1430426065.975858,19
1430426065.990084,21
1430426066.005816,24
1430426066.021058,21
1430426066.035769,21
1430426066.050699,20
1430426066.065798,21
1430426066.080077,21
1430426066.096756,20
1430426066.111885,21
1430426066.127010,21
1430426066.141755,21
1430426066.159588,23
1430426066.173666,21
1430426066.188706,21
1430426066.204898,20
1430426066.218704,21
1430426066.234180,21
1430426066.248413,21
1430426066.263012,20
1430426066.278053,23
1430426066.292873,19
1430426066.307167,20
1430426066.321464,22
1430426066.335818,21
1430426066.350077,22
1430426066.365352,21
1430426066.379284,21
1430426066.394192,19
1430426066.410594,20
1430426066.424901,21
1430426066.440543,20
1430426066.455537,23
1430426066.470013,24
1430426066.485628,22
1430426066.500297,21
1430426066.517111,19
1430426066.532601,21
1430426066.547830,20
1430426066.562417,20
1430426066.577486,19
1430426066.594506,20
1430426066.608875,22
1430426066.623532,20
1430426066.639842,23
1430426066.655012,19
1430426066.669791,20
1430426066.684587,19
1430426066.699073,19
1430426066.713187,21
1430426066.728326,20
1430426066.743840,21
1430426066.759373,21
1430426066.775299,19
1430426066.790450,21
1430426066.805223,21
1430426066.819896,26
1430426066.833976,21
1430426066.848834,21
1430426066.863635,22
1430426066.878938,22
1430426066.893551,21
1430426066.908424,20
1430426066.923333,22
1430426066.938172,21
1430426066.953766,21
1430426066.968799,23
1430426066.984143,22
1430426066.999162,20
1430426067.015046,22
1430426067.028838,20
1430426067.044927,24
1430426067.059928,21
1430426067.075890,20
1430426067.090339,20
1430426067.105500,20
1430426067.120648,22
1430426067.136024,24
1430426067.150841,23
1430426067.164718,23
1430426067.179358,21
1430426067.193630,23
1430426067.209392,20
1430426067.224425,19
1430426067.239386,20
1430426067.254697,21
1430426067.270760,23
1430426067.285965,21
1430426067.300856,21
1430426067.315630,20
1430426067.330385,20
1430426067.345448,20
1430426067.359912,21
1430426067.375328,22
1430426067.390200,20
1430426067.405580,20
1430426067.420397,20
1430426067.436499,19
1430426067.451605,21
1430426067.466225,22
1430426067.482342,22
1430426067.496640,20
1430426067.511661,22
1430426067.526976,20
1430426067.542173,23
1430426067.557312,20
1430426067.571361,22
1430426067.587956,21
1430426067.603126,21
1430426067.618650,22
1430426067.633830,21
1430426067.649979,23
1430426067.665342,20
1430426067.680007,21
1430426067.695901,20
1430426067.710739,22
1430426067.725977,21
1430426067.741090,23
1430426067.756942,21
1430426067.771471,20
1430426067.788552,21
1430426067.804526,23
1430426067.819459,23
1430426067.834117,22
1430426067.850085,21
1430426067.865813,20
1430426067.879656,21
1430426067.895645,22
1430426067.913050,20
1430426067.929073,20
1430426067.943931,19
1430426067.959145,18
1430426067.973973,21
1430426067.989847,22
1430426068.005591,22
1430426068.020464,23
1430426068.035221,21
1430426068.050069,19
1430426068.066225,23
1430426068.080002,20
1430426068.095875,21
1430426068.110426,21
1430426068.124906,21
1430426068.139736,20
1430426068.155823,19
1430426068.169830,19
1430426068.184436,19
1430426068.198909,20
1430426068.213022,20
1430426068.228211,20
1430426068.243062,21
1430426068.257885,22
1430426068.272085,20
1430426068.287708,21
1430426068.302867,21
1430426068.317404,19
1430426068.331884,22
1430426068.345837,21
1430426068.361038,22
1430426068.376083,21
1430426068.390939,22
1430426068.410493,23
1430426068.425386,20
1430426068.439806,20
1430426068.455804,19
1430426068.470065,22
1430426068.487540,21
1430426068.502147,22
1430426068.516826,20
1430426068.531276,21
1430426068.546421,20
1430426068.560010,23
1430426068.576046,20
1430426068.590379,23
1430426068.604512,20
1430426068.618477,21
1430426068.634518,18
1430426068.652102,21
1430426068.670176,23
1430426068.690075,24
1430426068.705419,22
1430426068.720137,21
1430426068.736426,19
1430426068.751688,18
1430426068.765592,23
1430426068.779799,21
1430426068.794926,21
1430426068.809333,21
1430426068.824060,22
1430426068.838643,20
1430426068.853464,20
1430426068.867860,18
1430426068.881607,20
1430426068.897782,19
1430426068.913027,21
1430426068.927563,21
1430426068.942937,22
1430426068.959585,22
1430426068.975636,21
1430426068.990557,20
1430426069.008265,24
1430426069.022919,23
1430426069.037960,24
1430426069.052556,22
1430426069.067257,22
1430426069.081881,19
1430426069.096161,22
1430426069.110782,23
1430426069.126148,19
1430426069.140553,19
1430426069.154657,19
1430426069.168922,21
1430426069.183987,21
1430426069.199386,22
1430426069.215347,21
1430426069.229388,19
1430426069.244946,20
1430426069.260129,20
1430426069.276296,23
1430426069.291107,21
1430426069.306768,22
1430426069.322541,21
1430426069.336375,18
1430426069.351962,19
1430426069.367426,19
1430426069.382349,22
1430426069.396826,20
1430426069.411953,22
1430426069.427273,19
1430426069.442253,18
1430426069.457567,19
1430426069.472216,18
1430426069.487844,22
1430426069.502481,23
1430426069.519466,25
1430426069.534575,22
1430426069.548986,20
1430426069.564253,20
1430426069.578364,19
1430426069.593110,20
1430426069.608636,21
1430426069.627089,23
1430426069.644053,21
1430426069.658926,22
1430426069.674729,20
1430426069.689256,19
1430426069.705512,19
1430426069.720437,19
1430426069.735928,20
1430426069.750647,20
1430426069.764966,23
1430426069.780332,21
1430426069.794508,21
1430426069.808835,21
1430426069.823594,17
1430426069.838892,22
1430426069.853449,21
1430426069.868656,21
1430426069.883766,19
1430426069.898044,19
1430426069.912227,20
1430426069.926906,20
1430426069.943414,22
1430426069.958301,21
1430426069.975518,23
1430426069.990159,22
1430426070.005077,22
1430426070.020249,21
1430426070.034859,20
1430426070.050374,22
1430426070.066711,21
1430426070.080740,22
1430426070.097190,21
1430426070.112131,19
1430426070.126538,19
1430426070.141029,20
1430426070.156543,21
1430426070.170620,22
1430426070.186611,22
1430426070.201148,21
1430426070.216571,20
1430426070.239990,22
1430426070.255969,21
1430426070.270740,21
1430426070.285113,21
1430426070.300470,24
1430426070.317084,18
1430426070.331153,19
1430426070.346908,20
1430426070.362333,22
1430426070.377336,22
1430426070.392294,23
1430426070.407523,21
1430426070.421622,19
1430426070.437274,19
1430426070.453554,21
1430426070.470021,22
1430426070.484675,21
1430426070.499342,23
1430426070.514624,24
1430426070.529885,22
1430426070.546782,21
1430426070.561959,20
1430426070.578445,22
1430426070.593786,21
1430426070.609459,22
1430426070.623947,20
1430426070.640501,23
1430426070.655879,19
1430426070.670190,20
1430426070.684879,19
1430426070.700493,19
1430426070.714456,20
1430426070.728984,21
1430426070.744372,23
1430426070.759391,23
1430426070.775198,22
1430426070.789863,20
1430426070.805042,19
1430426070.819304,20
1430426070.833957,22
1430426070.849132,21
1430426070.864561,23
1430426070.879351,20
1430426070.894576,19
1430426070.909836,19
1430426070.925092,23
1430426070.939769,20
1430426070.956672,23
1430426070.973420,20
1430426070.988735,21
1430426071.003951,21
1430426071.018898,24
1430426071.032713,21
1430426071.047387,21
1430426071.062082,20
1430426071.076264,20
1430426071.090613,19
1430426071.106103,22
1430426071.125797,22
1430426071.140255,23
1430426071.154652,21
1430426071.169121,21
1430426071.183922,19
1430426071.199774,21
1430426071.215502,20
1430426071.234022,21
1430426071.248794,22
1430426071.263889,20
1430426071.278932,20
1430426071.293865,21
1430426071.309695,22
1430426071.324971,19
1430426071.339032,20
1430426071.354105,20
1430426071.369316,22
1430426071.383370,20
1430426071.397906,20
1430426071.412394,19
1430426071.426402,20
1430426071.441022,19
1430426071.457352,19
1430426071.471921,21
1430426071.487180,22
1430426071.501786,23
1430426071.516517,22
1430426071.530882,17
1430426071.546358,19
1430426071.561604,19
1430426071.575750,21
1430426071.590614,19
1430426071.605820,22
1430426071.623062,22
1430426071.638672,21
1430426071.652826,18
1430426071.667724,18
1430426071.682894,19
1430426071.697840,20
1430426071.713210,21
1430426071.727690,20
1430426071.741492,22
1430426071.756576,20
1430426071.770998,19
1430426071.785917,20
1430426071.799945,20
1430426071.813920,22
1430426071.828902,20
1430426071.843455,21
1430426071.857755,21
1430426071.873084,20
1430426071.887718,18
1430426071.902068,22
1430426071.916802,22
1430426071.931290,23
1430426071.947159,22
1430426071.962442,23
1430426071.977010,21
1430426071.990987,20
1430426072.005370,23
1430426072.019796,21
1430426072.034427,22
1430426072.049410,20
1430426072.063754,22
1430426072.079522,22
1430426072.094001,24
1430426072.108485,20
1430426072.124157,20
1430426072.141144,19
1430426072.155998,22
1430426072.170426,23
1430426072.185702,23
1430426072.200551,19
1430426072.214656,19
1430426072.229493,19
1430426072.244898,22
1430426072.259523,22
1430426072.274031,23
1430426072.290724,20
1430426072.306455,19
1430426072.320412,18
1430426072.335159,19
1430426072.357104,21
1430426072.372270,20
1430426072.387266,20
1430426072.401482,19
1430426072.416408,18
1430426072.431002,21
1430426072.445518,21
1430426072.460602,21
1430426072.476064,21
1430426072.490949,19
1430426072.505336,20
1430426072.519913,21
1430426072.534068,20
1430426072.548644,20
1430426072.562929,20
1430426072.578061,19
1430426072.593474,19
1430426072.607407,22
1430426072.622657,20
1430426072.637582,23
1430426072.651666,21
1430426072.667141,21
1430426072.681759,20
1430426072.696253,21
1430426072.710865,21
1430426072.726595,21
1430426072.740528,22
1430426072.755755,20
1430426072.770624,20
1430426072.785770,20
1430426072.804294,22
1430426072.821379,19
1430426072.835898,21
1430426072.855311,20
1430426072.869552,21
1430426072.885026,20
1430426072.899456,21
1430426072.916362,18
1430426072.930871,19
1430426072.945165,20
1430426072.960658,21
1430426072.976652,21
1430426072.991069,23
1430426073.006101,21
1430426073.023508,23
1430426073.039435,23
1430426073.054200,24
1430426073.069724,24
1430426073.085575,24
1430426073.100411,22
1430426073.115149,22
1430426073.129321,20
1430426073.143746,21
1430426073.158607,23
1430426073.173491,21
1430426073.189262,21
1430426073.203564,21
1430426073.219804,23
1430426073.234702,21
1430426073.250675,20
1430426073.266001,20
1430426073.281475,22
1430426073.297354,20
1430426073.311937,22
1430426073.326377,21
1430426073.340853,21
1430426073.356439,19
1430426073.370827,19
1430426073.385465,21
1430426073.405584,22
1430426073.419851,22
1430426073.437937,22
1430426073.453025,21
1430426073.467494,19
1430426073.482474,19
1430426073.499158,21
1430426073.514410,21
1430426073.529038,20
1430426073.543947,19
1430426073.559659,20
1430426073.574561,20
1430426073.590151,19
1430426073.604541,21
1430426073.618817,21
1430426073.632735,22
1430426073.648518,20
1430426073.663863,20
1430426073.679235,19
1430426073.694084,24
1430426073.710363,21
1430426073.725380,22
1430426073.740474,19
1430426073.756560,20
1430426073.771170,21
1430426073.786389,20
1430426073.801157,21
1430426073.816177,22
1430426073.831040,22
1430426073.847395,19
1430426073.862767,21
1430426073.877657,22
1430426073.897232,23
1430426073.911786,23
1430426073.928567,21
1430426073.943747,21
1430426073.958539,20
1430426073.972910,18
1430426073.993737,21
1430426074.008475,21
1430426074.023012,21
1430426074.040077,22
1430426074.055562,18
1430426074.069441,20
1430426074.085263,20
1430426074.099554,19
1430426074.114225,19
1430426074.128593,21
1430426074.142895,23
1430426074.158113,23
1430426074.172940,23
1430426074.189778,20
1430426074.204099,19
1430426074.219445,20
1430426074.234060,21
1430426074.249403,21
1430426074.263537,20
1430426074.278113,20
1430426074.292612,20
1430426074.308073,21
1430426074.323299,20
1430426074.338953,20
1430426074.353330,22
1430426074.368275,24
1430426074.383522,21
1430426074.397919,22
1430426074.411849,20
1430426074.426250,20
1430426074.440624,20
1430426074.459818,22
1430426074.474504,22
1430426074.488938,24
1430426074.503267,23
1430426074.518000,22
1430426074.532663,20
1430426074.548398,22
1430426074.563396,21
1430426074.577667,23
1430426074.591773,21
1430426074.606070,20
1430426074.620534,22
1430426074.636952,20
1430426074.651123,20
1430426074.665800,21
1430426074.680776,22
1430426074.696045,21
1430426074.710668,21
1430426074.727500,19
1430426074.741859,21
1430426074.756875,21
1430426074.772326,21
1430426074.787830,20
1430426074.803763,22
1430426074.821381,18
1430426074.837053,18
1430426074.851314,22
1430426074.865875,20
1430426074.881675,23
1430426074.897717,20
1430426074.912196,19
1430426074.927570,20
1430426074.941511,23
1430426074.957139,21
1430426074.971828,22
1430426074.985907,19
1430426075.000839,22
1430426075.014895,20
1430426075.029862,19
1430426075.044587,21
1430426075.059454,19
1430426075.075443,18
1430426075.090876,20
1430426075.108481,23
1430426075.123433,21
1430426075.137242,19
1430426075.151327,22
1430426075.169461,21
1430426075.185696,19
1430426075.200334,20
1430426075.216364,19
1430426075.231449,20
1430426075.247020,21
1430426075.261952,22
1430426075.277145,21
1430426075.292581,21
1430426075.307406,21
1430426075.330459,22
1430426075.347788,21
1430426075.367471,21
1430426075.383034,22
1430426075.398431,22
1430426075.420190,21
1430426075.436694,20
1430426075.451732,20
1430426075.467200,23
1430426075.483117,21
1430426075.497797,21
1430426075.512936,23
1430426075.527711,20
1430426075.545978,21
1430426075.560522,19
1430426075.575742,20
1430426075.590788,20
1430426075.606859,21
1430426075.621978,22
1430426075.636873,20
1430426075.651967,19
1430426075.667602,20
1430426075.681820,18
1430426075.697255,20
1430426075.712138,23
1430426075.727505,22
1430426075.742465,20
1430426075.759652,22
1430426075.777151,20
1430426075.792600,21
1430426075.807129,21
1430426075.822827,22
1430426075.837840,22
1430426075.853265,20
1430426075.868569,20
1430426075.884035,19
1430426075.898823,21
1430426075.913027,25
1430426075.927425,23
1430426075.941209,20
1430426075.956147,19
1430426075.970577,18
1430426075.984974,21
1430426076.000239,20
1430426076.014689,20
1430426076.028818,20
1430426076.044005,21
1430426076.059479,20
1430426076.074200,20
1430426076.090197,21
1430426076.105237,18
1430426076.120531,22
1430426076.136148,22
1430426076.151492,25
1430426076.165854,21
1430426076.181925,22
1430426076.196473,20
1430426076.210446,19
1430426076.225633,20
1430426076.239998,19
1430426076.255532,21
1430426076.269833,20
1430426076.286761,23
1430426076.301235,22
1430426076.317424,19
1430426076.332496,19
1430426076.347999,22
1430426076.363033,23
1430426076.378150,24
1430426076.393467,20
1430426076.407879,20
1430426076.423469,19
1430426076.437953,22
1430426076.453174,23
1430426076.468710,23
1430426076.483634,21
1430426076.499306,20
1430426076.514890,20
1430426076.529256,22
1430426076.543667,21
1430426076.558675,23
1430426076.573074,21
1430426076.587468,20
1430426076.602045,21
1430426076.616964,20
1430426076.633084,22
1430426076.647770,21
1430426076.662682,21
1430426076.677161,18
1430426076.691557,20
1430426076.706924,17
1430426076.721704,19
1430426076.737769,24
1430426076.752362,22
1430426076.767189,23
1430426076.783144,20
1430426076.798862,19
1430426076.813762,19
1430426076.829135,19
1430426076.846509,20
1430426076.861048,21
1430426076.876323,21
1430426076.891133,20
1430426076.906909,20
1430426076.922110,22
1430426076.937718,22
1430426076.951619,22
1430426076.966582,19
1430426076.981238,19
1430426076.995803,22
1430426077.010518,23
1430426077.025784,24
1430426077.040795,21
1430426077.056888,23
1430426077.071258,20
1430426077.087565,20
1430426077.101999,19
1430426077.118060,20
1430426077.132041,20
1430426077.147072,21
1430426077.161647,23
1430426077.176275,20
1430426077.190383,21
1430426077.205150,19
1430426077.218817,20
1430426077.233601,21
1430426077.249240,20
1430426077.263630,19
1430426077.278406,20
1430426077.292752,23
1430426077.307228,21
1430426077.321711,20
1430426077.336586,20
1430426077.351055,19
1430426077.367009,21
1430426077.381944,20
1430426077.397239,22
1430426077.412000,21
1430426077.428387,21
1430426077.443961,21
1430426077.459962,20
1430426077.474585,21
1430426077.489645,20
1430426077.511954,20
1430426077.526993,19
1430426077.541453,21
1430426077.555788,21
1430426077.569713,23
1430426077.584336,23
1430426077.599216,23
1430426077.614467,23
1430426077.629601,22
1430426077.644160,22
1430426077.659017,23
1430426077.673609,21
1430426077.687954,22
1430426077.702365,20
1430426077.717182,21
1430426077.732094,21
1430426077.747385,19
1430426077.763158,21
1430426077.778151,20
1430426077.793245,20
1430426077.808450,22
1430426077.822912,21
1430426077.838194,22
1430426077.853548,22
1430426077.870683,20
1430426077.885932,21
1430426077.900023,20
1430426077.915375,21
1430426077.930536,20
1430426077.945358,22
1430426077.959895,22
1430426077.974866,21
1430426077.990164,19
1430426078.005440,19
1430426078.019901,22
1430426078.036781,21
1430426078.050910,22
1430426078.066423,23
1430426078.083867,21
1430426078.098520,20
1430426078.112861,22
1430426078.127213,21
1430426078.142322,21
1430426078.156556,22
1430426078.171121,20
1430426078.186601,19
1430426078.201855,20
1430426078.217305,22
1430426078.232357,20
1430426078.247438,21
1430426078.261586,23
1430426078.277740,19
1430426078.292466,20
1430426078.306753,19
1430426078.321619,20
1430426078.336122,22
1430426078.351504,22
1430426078.366232,23
1430426078.381071,23
1430426078.396045,22
1430426078.410196,23
1430426078.425950,22
1430426078.445075,21
1430426078.459411,21
1430426078.473478,20
1430426078.488575,23
1430426078.503418,24
1430426078.517632,22
1430426078.533473,23
1430426078.547331,19
1430426078.566043,19
1430426078.580187,21
1430426078.598358,20
1430426078.614150,19
1430426078.628605,22
1430426078.644163,23
1430426078.659451,23
1430426078.673730,21
1430426078.688308,21
1430426078.703698,19
1430426078.718388,18
1430426078.733291,20
1430426078.749263,21
1430426078.768426,24
1430426078.784589,23
1430426078.800077,20
1430426078.817092,19
1430426078.831128,20
1430426078.845632,19
1430426078.860100,20
1430426078.874694,18
1430426078.889937,22
1430426078.904454,23
1430426078.919370,23
1430426078.934667,20
1430426078.949168,19
1430426078.963861,20
1430426078.979279,21
1430426078.996472,23
1430426079.011327,21
1430426079.027978,22
1430426079.046303,19
1430426079.061626,22
1430426079.076792,20
1430426079.091513,21
1430426079.106625,21
1430426079.120725,19
1430426079.135699,22
1430426079.150018,20
1430426079.164527,19
1430426079.178898,20
1430426079.193149,21
1430426079.208010,23
1430426079.223738,23
1430426079.238594,21
1430426079.253501,19
1430426079.270017,19
1430426079.284201,21
1430426079.300485,23
1430426079.314978,22
1430426079.329372,24
1430426079.344644,21
1430426079.360650,21
1430426079.375621,20
1430426079.390461,21
1430426079.404620,22
1430426079.419322,24
1430426079.434233,22
1430426079.449870,20
1430426079.465029,21
1430426079.479433,20
1430426079.494979,20
1430426079.510075,20
1430426079.526539,20
1430426079.541207,22
1430426079.555588,22
1430426079.569727,21
1430426079.583574,18
1430426079.600104,21
1430426079.614324,19
1430426079.629604,20
1430426079.644579,20
1430426079.658847,18
1430426079.673755,21
1430426079.687985,20
1430426079.702509,21
1430426079.717033,22
1430426079.731652,19
1430426079.746115,19
1430426079.760283,19
1430426079.777033,22
1430426079.791275,21
1430426079.805700,20
1430426079.820510,22
1430426079.835123,21
1430426079.849840,23
1430426079.865208,23
1430426079.880408,22
1430426079.895629,21
1430426079.911298,20
1430426079.927155,19
1430426079.943371,20
1430426079.958156,23
1430426079.972119,22
1430426079.986628,22
1430426080.000421,20
1430426080.015544,20
1430426080.031052,20
1430426080.047328,21
1430426080.061665,21
1430426080.076823,19
1430426080.091697,21
1430426080.106239,20
1430426080.122170,19
1430426080.136360,22
1430426080.151426,20
1430426080.167072,21
1430426080.181949,20
1430426080.197631,21
1430426080.213338,21
1430426080.228436,21
1430426080.243725,20
1430426080.260475,19
1430426080.276589,18
1430426080.290743,19
1430426080.306344,21
1430426080.321762,21
1430426080.336681,22
1430426080.351404,21
1430426080.366731,20
1430426080.381119,22
1430426080.396005,22
1430426080.410737,21
1430426080.425783,22
1430426080.439448,22
1430426080.454418,22
1430426080.469298,20
1430426080.483382,21
1430426080.497907,23
1430426080.512289,23
1430426080.526908,24
1430426080.542421,22
1430426080.557405,24
1430426080.572686,22
1430426080.587387,23
1430426080.601319,23
1430426080.616511,22
1430426080.630780,22
1430426080.644593,20
1430426080.660537,21
1430426080.676095,22
1430426080.690538,20
1430426080.706384,22
1430426080.721379,23
1430426080.737692,21
1430426080.752036,20
1430426080.766678,19
1430426080.780831,20
1430426080.797409,22
1430426080.811979,22
1430426080.827433,21
1430426080.842352,21
1430426080.856441,22
1430426080.871645,19
1430426080.886953,20
1430426080.904484,19
1430426080.918575,21
1430426080.932926,21
1430426080.950687,22
1430426080.965058,22
1430426080.980536,22
1430426080.999027,24
1430426081.013905,20
1430426081.029031,21
1430426081.043221,20
1430426081.057361,19
1430426081.072728,22
1430426081.087576,21
1430426081.103615,22
1430426081.118584,23
1430426081.134228,20
1430426081.153124,20
1430426081.168247,20
1430426081.182805,21
1430426081.197726,22
1430426081.212289,21
1430426081.227034,22
1430426081.242007,19
1430426081.258445,19
1430426081.274148,20
1430426081.289354,21
1430426081.305569,22
1430426081.319522,22
1430426081.335485,21
1430426081.350180,20
1430426081.365312,21
1430426081.379402,19
1430426081.394182,22
1430426081.409266,20
1430426081.424081,21
1430426081.438538,21
1430426081.453479,22
1430426081.468741,20
1430426081.483893,19
1430426081.500692,21
1430426081.515310,21
1430426081.529043,23
1430426081.544079,20
1430426081.558612,22
1430426081.572673,17
1430426081.587551,21
1430426081.602057,22
1430426081.617301,20
1430426081.632905,22
1430426081.648773,21
1430426081.663720,20
1430426081.679425,19
1430426081.696474,21
1430426081.712871,20
1430426081.727467,19
1430426081.742489,19
1430426081.758016,20
1430426081.772634,20
1430426081.787695,21
1430426081.802225,23
1430426081.817581,23
1430426081.831730,20
1430426081.847116,19
1430426081.861776,20
1430426081.881751,20
1430426081.897091,24
1430426081.913867,24
1430426081.928987,23
1430426081.945762,20
1430426081.960109,21
1430426081.974470,20
1430426081.989796,21
1430426082.005423,20
1430426082.019429,22
1430426082.033925,22
1430426082.048818,20
1430426082.063772,21
1430426082.078849,21
1430426082.094175,22
1430426082.109356,20
1430426082.128719,23
1430426082.142883,20
1430426082.160473,23
1430426082.175688,21
1430426082.189968,20
1430426082.204957,19
1430426082.219626,20
1430426082.234084,21
1430426082.249080,21
1430426082.264112,21
1430426082.277976,18
1430426082.293066,21
1430426082.308035,19
1430426082.324265,21
1430426082.343461,20
1430426082.359555,21
1430426082.373588,20
1430426082.391222,20
1430426082.408059,19
1430426082.422941,20
1430426082.438144,20
1430426082.452668,22
1430426082.466776,18
1430426082.481607,14
1430426082.496532,5
1430426082.511471,8
1430426082.526050,8
1430426082.541407,7
1430426082.555512,10
1430426082.570209,8
1430426082.584602,9
1430426082.599472,8
1430426082.613854,8
1430426082.629400,9
1430426082.643381,7
1430426082.658583,9
1430426082.674038,9
1430426082.688567,9
1430426082.705663,9
1430426082.722476,9
1430426082.737473,9
1430426082.753769,9
1430426082.768566,9
1430426082.784031,10
1430426082.799823,10
1430426082.816752,10
1430426082.830915,9
1430426082.846733,10
1430426082.862949,9
1430426082.877240,9
1430426082.891839,9
1430426082.908894,9
1430426082.924157,10
1430426082.939052,10
1430426082.954314,10
1430426082.969613,10
1430426082.988126,10
1430426083.002049,10
1430426083.018411,11
1430426083.033343,10
1430426083.050325,11
1430426083.064322,10
1430426083.083750,10
1430426083.099135,10
1430426083.113523,10
1430426083.128254,10
1430426083.143712,10
1430426083.158536,10
1430426083.173262,10
1430426083.187694,10
1430426083.201992,10
1430426083.216342,10
1430426083.230739,10
1430426083.244497,10
1430426083.259447,10
1430426083.273870,11
1430426083.289900,10
1430426083.304027,10
1430426083.319300,10
1430426083.333879,10
1430426083.348418,10
1430426083.362948,10
1430426083.377126,10
1430426083.391690,11
1430426083.406500,10
1430426083.421651,10
1430426083.435637,10
1430426083.450780,10
1430426083.465142,10
1430426083.479834,11
1430426083.494122,10
1430426083.509635,10
1430426083.524515,10
1430426083.540648,10
1430426083.556340,10
1430426083.573689,10
1430426083.588908,10
1430426083.603962,11
1430426083.617994,11
1430426083.632234,11
1430426083.649966,11
1430426083.665290,11
1430426083.679909,11
1430426083.696722,11
1430426083.713041,11
1430426083.727854,10
1430426083.741883,11
1430426083.759897,11
1430426083.775611,11
1430426083.789979,11
1430426083.804442,11
1430426083.818683,10
1430426083.837965,11
1430426083.852973,11
1430426083.869358,11
1430426083.884248,11
1430426083.900901,10
1430426083.917887,11
1430426083.933176,11
1430426083.948845,10
1430426083.964655,11
1430426083.979734,11
1430426083.997185,11
1430426084.011400,10
1430426084.026533,11
1430426084.040708,10
1430426084.056453,10
1430426084.070715,10
1430426084.088558,10
1430426084.102949,10
1430426084.117462,10
1430426084.132289,10
1430426084.151822,10
1430426084.167403,10
1430426084.182160,10
1430426084.197331,10
1430426084.211818,11
1430426084.227557,11
1430426084.245373,11
1430426084.260185,10
1430426084.276126,11
1430426084.290904,11
1430426084.308365,10
1430426084.322552,11
1430426084.338555,10
1430426084.354169,11
1430426084.369325,11
1430426084.386965,11
1430426084.401758,11
1430426084.417234,11
1430426084.432304,11
1430426084.449175,11
1430426084.464561,11
1430426084.480082,11
1430426084.495906,11
1430426084.510795,10
1430426084.525706,10
1430426084.540219,10
1430426084.554991,11
1430426084.569871,10
1430426084.587779,11
1430426084.602891,11
1430426084.619277,11
1430426084.634419,10
1430426084.649489,11
1430426084.664880,11
1430426084.680006,11
1430426084.694729,11
1430426084.709512,11
1430426084.723464,11
1430426084.738348,11
1430426084.752956,11
1430426084.768676,11
1430426084.783692,11
1430426084.798817,11
1430426084.814590,11
1430426084.829299,11
1430426084.845311,11
1430426084.859834,11
1430426084.875880,10
1430426084.891954,11
1430426084.907529,10
1430426084.922763,11
1430426084.940217,10
1430426084.955649,11
1430426084.969783,11
1430426084.985097,10
1430426084.999418,10
1430426085.013805,11
1430426085.028706,12
1430426085.043050,11
1430426085.058103,11
1430426085.076602,11
1430426085.092997,11
1430426085.109284,11
1430426085.124272,10
1430426085.138827,11
1430426085.154480,11
1430426085.172752,11
1430426085.189272,11
1430426085.205487,11
1430426085.220270,11
1430426085.234064,11
1430426085.250176,11
1430426085.264450,11
1430426085.279570,11
1430426085.296915,11
1430426085.311766,11
1430426085.326495,11
1430426085.342014,11
1430426085.356203,11
1430426085.370525,11
1430426085.385709,11
1430426085.400369,11
1430426085.414513,11
1430426085.429710,11
1430426085.444271,11
1430426085.458506,11
1430426085.472729,11
1430426085.487765,10
1430426085.502945,11
1430426085.518675,11
1430426085.533918,11
1430426085.548733,11
1430426085.563553,11
1430426085.577519,11
1430426085.592691,11
1430426085.607123,11
1430426085.620877,11
1430426085.636061,11
1430426085.650288,11
1430426085.665444,11
1430426085.679622,11
1430426085.694252,11
1430426085.709479,11
1430426085.724656,11
1430426085.738912,11
1430426085.753589,11
1430426085.770042,11
1430426085.785175,11
1430426085.800064,11
1430426085.815433,11
1430426085.829680,11
1430426085.844614,11
1430426085.859793,11
1430426085.875571,11
1430426085.889464,10
1430426085.904221,10
1430426085.922755,10
1430426085.938380,10
1430426085.952241,11
1430426085.967342,10
1430426085.982550,10
1430426085.997578,11
1430426086.012761,11
1430426086.028662,12
1430426086.043853,10
1430426086.059079,10
1430426086.075471,10
1430426086.090066,10
1430426086.105397,10
1430426086.120411,11
1430426086.139849,11
1430426086.156936,12
1430426086.171500,12
1430426086.187455,11
1430426086.201430,12
1430426086.215541,12
1430426086.230311,12
1430426086.244544,12
1430426086.259817,12
1430426086.274374,12
1430426086.289342,12
1430426086.303821,12
1430426086.318384,12
1430426086.332699,11
1430426086.347313,12
1430426086.362562,12
1430426086.376369,12
1430426086.391715,11
1430426086.407082,12
1430426086.423086,12
1430426086.439939,12
1430426086.454126,12
1430426086.469027,11
1430426086.483735,11
1430426086.498167,12
1430426086.513745,12
1430426086.528144,12
1430426086.543879,12
1430426086.559272,12
1430426086.573903,11
1430426086.588596,12
1430426086.604907,12
1430426086.619593,12
1430426086.636347,12
1430426086.650367,12
1430426086.667107,12
1430426086.681340,12
1430426086.696245,12
1430426086.710360,12
1430426086.727442,12
1430426086.743200,11
1430426086.758721,11
1430426086.773032,12
1430426086.794132,12
1430426086.810280,12
1430426086.825357,13
1430426086.840726,13
1430426086.855268,13
1430426086.869790,13
1430426086.883985,13
1430426086.898841,13
1430426086.913583,13
1430426086.929294,13
1430426086.943502,13
1430426086.958138,13
1430426086.974076,13
1430426086.988546,13
1430426087.002580,12
1430426087.018578,13
1430426087.033741,14
1430426087.049575,13
1430426087.064473,13
1430426087.083569,13
1430426087.101793,14
1430426087.118411,14
1430426087.133544,14
1430426087.148790,14
1430426087.163682,14
1430426087.178765,14
1430426087.193657,14
1430426087.209861,14
1430426087.225860,14
1430426087.240324,14
1430426087.255909,13
1430426087.270639,14
1430426087.284374,14
1430426087.300118,13
1430426087.315527,14
1430426087.330125,14
1430426087.345101,14
1430426087.359890,14
1430426087.375239,14
1430426087.389921,14
1430426087.408267,14
1430426087.423469,14
1430426087.438700,14
1430426087.453542,13
1430426087.469321,13
1430426087.490505,14
1430426087.506681,13
1430426087.526143,13
1430426087.540656,13
1430426087.556192,14
1430426087.571222,14
1430426087.586110,14
1430426087.600393,14
1430426087.622410,14
1430426087.638042,14
1430426087.652790,14
1430426087.667696,13
1430426087.681984,13
1430426087.697272,14
1430426087.711960,14
1430426087.726758,14
1430426087.742563,13
1430426087.758252,13
1430426087.773451,14
1430426087.788666,14
1430426087.802843,14
1430426087.818561,14
1430426087.834560,14
1430426087.848725,14
1430426087.864509,14
1430426087.878829,13
1430426087.892676,13
1430426087.907193,13
1430426087.922748,14
1430426087.937979,14
1430426087.952120,13
1430426087.968483,13
1430426087.983529,13
1430426088.000294,13
1430426088.014348,13
1430426088.028890,14
1430426088.044532,13
1430426088.059062,13
1430426088.073848,13
1430426088.089535,14
1430426088.103961,14
1430426088.119536,13
1430426088.135299,13
1430426088.149452,13
1430426088.164507,14
1430426088.179372,14
1430426088.193878,14
1430426088.209175,14
1430426088.223756,14
1430426088.239085,14
1430426088.253060,14
1430426088.268431,14
1430426088.282634,14
1430426088.297519,14
1430426088.312978,14
1430426088.328593,14
1430426088.344010,14
1430426088.358143,14
1430426088.373117,14
1430426088.391975,14
1430426088.407777,14
1430426088.423615,14
1430426088.438201,14
1430426088.453146,14
1430426088.467807,14
1430426088.482845,15
1430426088.497511,15
1430426088.512373,15
1430426088.527327,15
1430426088.543523,15
1430426088.558767,14
1430426088.574369,14
1430426088.593945,15
1430426088.608603,15
1430426088.623630,15
1430426088.638686,15
1430426088.653497,15
1430426088.668140,14
1430426088.683099,15
1430426088.697979,15
1430426088.711863,15
1430426088.728341,15
1430426088.742529,14
1430426088.759838,15
1430426088.774559,15
1430426088.789627,14
1430426088.803997,15
1430426088.823683,15
1430426088.841672,15
1430426088.858216,15
1430426088.872641,15
1430426088.887964,15
1430426088.902308,15
1430426088.919934,15
1430426088.935042,15
1430426088.950943,15
1430426088.965573,15
1430426088.979886,15
1430426088.999431,15
1430426089.014638,14
1430426089.032706,16
1430426089.048439,15
1430426089.063296,15
1430426089.077489,15
1430426089.093228,15
1430426089.107771,15
1430426089.123784,14
1430426089.138170,15
1430426089.153609,15
1430426089.169230,15
1430426089.183955,15
1430426089.198034,15
1430426089.212996,15
1430426089.228581,15
1430426089.243467,15
1430426089.258514,15
1430426089.272906,14
1430426089.286872,15
1430426089.301805,15
1430426089.318311,15
1430426089.333256,15
1430426089.349165,15
1430426089.363940,15
1430426089.378557,15
1430426089.392781,15
1430426089.407686,15
1430426089.421378,15
1430426089.435894,15
1430426089.450257,15
1430426089.466155,15
1430426089.481050,15
1430426089.495529,15
1430426089.509948,15
1430426089.525279,15
1430426089.539689,15
1430426089.554883,15
1430426089.569388,15
1430426089.590072,14
1430426089.607102,14
1430426089.622031,14
1430426089.636556,14
1430426089.650871,14
1430426089.667061,14
1430426089.681725,15
1430426089.697090,15
1430426089.715831,15
1430426089.729812,15
1430426089.746989,15
1430426089.762582,15
1430426089.777572,15
1430426089.792597,15
1430426089.807045,15
1430426089.821154,15
1430426089.835826,15
1430426089.850198,15
1430426089.864459,14
1430426089.880401,15
1430426089.895692,15
1430426089.910175,15
1430426089.924894,15
1430426089.939196,15
1430426089.953725,15
1430426089.968321,15
1430426089.983678,15
1430426089.999172,14
1430426090.013766,15
1430426090.028387,16
1430426090.043355,16
1430426090.058564,15
1430426090.072903,15
1430426090.087445,15
1430426090.103003,15
1430426090.118963,14
1430426090.133758,15
1430426090.150114,15
1430426090.165264,15
1430426090.180161,15
1430426090.194665,15
1430426090.209369,15
1430426090.225971,15
1430426090.240261,15
1430426090.255570,15
1430426090.270625,15
1430426090.284027,16
1430426090.298726,15
1430426090.314224,15
1430426090.329161,15
1430426090.343731,15
1430426090.358750,15
1430426090.375396,15
1430426090.390553,15
1430426090.405015,15
1430426090.420311,15
1430426090.436053,15
1430426090.450811,15
1430426090.465827,15
1430426090.481523,15
1430426090.496251,15
1430426090.510429,15
1430426090.525799,15
1430426090.540823,15
1430426090.555071,15
1430426090.569310,15
1430426090.584167,15
1430426090.599058,15
1430426090.614414,15
1430426090.628266,15
1430426090.643154,15
1430426090.658172,15
1430426090.672751,15
1430426090.688285,15
1430426090.702964,15
1430426090.719520,16
1430426090.736874,15
1430426090.752745,16
1430426090.767447,15
1430426090.782688,16
1430426090.798725,16
1430426090.814252,16
1430426090.829390,16
1430426090.844776,16
1430426090.859307,16
1430426090.873993,15
1430426090.890029,15
1430426090.905323,15
1430426090.920270,15
1430426090.938178,16
1430426090.953767,15
1430426090.969563,16
1430426090.985117,16
1430426091.001161,16
1430426091.016077,16
1430426091.030217,17
1430426091.045658,16
1430426091.060842,16
1430426091.076641,16
1430426091.090696,16
1430426091.105806,15
1430426091.120421,16
1430426091.135574,16
1430426091.151058,16
1430426091.166235,16
1430426091.182811,16
1430426091.198173,16
1430426091.213050,16
1430426091.228552,16
1430426091.243754,16
1430426091.258342,16
1430426091.272543,16
1430426091.288440,16
1430426091.303245,16
1430426091.318811,16
1430426091.333843,16
1430426091.350095,16
1430426091.367288,16
1430426091.383375,15
1430426091.397956,16
1430426091.412390,16
1430426091.426978,16
1430426091.441347,16
1430426091.455621,16
1430426091.470076,16
1430426091.490826,16
1430426091.506188,17
1430426091.521800,16
1430426091.536940,16
1430426091.551951,17
1430426091.566983,17
1430426091.582669,17
1430426091.597645,16
1430426091.613321,17
1430426091.628153,17
1430426091.642671,16
1430426091.658927,17
1430426091.673598,17
1430426091.688570,16
1430426091.703649,17
1430426091.717650,16
1430426091.732875,17
1430426091.748088,16
1430426091.761739,17
1430426091.777709,17
1430426091.791718,17
1430426091.805922,16
1430426091.820644,16
1430426091.835904,16
1430426091.851604,17
1430426091.866192,17
1430426091.880356,17
1430426091.895495,17
1430426091.909467,17
1430426091.924626,16
1430426091.939195,17
1430426091.956666,17
1430426091.972048,16
1430426091.989420,17
1430426092.005142,17
1430426092.019440,17
1430426092.037191,18
1430426092.051424,18
1430426092.067279,17
1430426092.082515,17
1430426092.096986,14
1430426092.115330,5
1430426092.129777,0
1430426092.144355,1
1430426092.158419,0
1430426092.173060,0
1430426092.188468,0
1430426092.208667,0
1430426092.225295,0
1430426092.243378,0
1430426092.261521,0
1430426092.277547,0
1430426092.292383,0
1430426092.308661,0
1430426092.323882,0
1430426092.338647,0
1430426092.354730,0
1430426092.369644,0
1430426092.384054,0
1430426092.398662,0
1430426092.413858,0
1430426092.429360,0
1430426092.445638,0
1430426092.460916,0
1430426092.476726,0
1430426092.491735,0
1430426092.509805,0
1430426092.526942,0
1430426092.545640,0
1430426092.561436,0
1430426092.577366,0
1430426092.595650,0
1430426092.610011,0
1430426092.624568,0
1430426092.643711,0
1430426092.660409,0
1430426092.675572,0
1430426092.695181,0
1430426092.713765,0
1430426092.729013,0
1430426092.746050,0
1430426092.761171,0
1430426092.778181,0
1430426092.792732,0
1430426092.807791,0
1430426092.824606,0
1430426092.839932,0
1430426092.854680,0
1430426092.869683,0
1430426092.884582,0
1430426092.898997,0
1430426092.915001,0
1430426092.929958,0
1430426092.945911,0
1430426092.961473,0
1430426092.978838,0
1430426092.999128,0
1430426093.014115,0
1430426093.029241,0
