1430425739.547076,0
1430425739.562281,0
1430425739.602819,5
1430425739.617373,4
1430425739.632326,7
1430425739.648216,8
1430425739.662822,9
1430425739.677526,8
1430425739.692630,9
1430425739.708937,9
1430425739.723980,8
1430425739.742999,9
1430425739.760357,10
1430425739.776368,10
1430425739.792047,10
1430425739.806330,10
1430425739.820848,10
1430425739.835465,10
1430425739.850452,10
1430425739.865258,9
1430425739.880003,10
1430425739.894417,10
1430425739.908449,10
1430425739.923507,9
1430425739.939077,8
1430425739.953884,8
1430425739.969326,9
1430425739.984048,9
1430425739.999288,8
1430425740.014235,6
1430425740.029999,9
1430425740.043258,7
1430425740.059283,8
1430425740.074862,7
1430425740.089396,6
1430425740.104508,8
1430425740.118597,5
1430425740.133144,5
1430425740.148415,6
1430425740.163119,4
1430425740.177454,6
1430425740.192409,4
1430425740.206875,6
1430425740.221894,6
1430425740.236029,6
1430425740.252757,4
1430425740.267986,5
1430425740.283396,6
1430425740.298583,4
1430425740.313927,5
1430425740.329546,5
1430425740.345417,4
1430425740.360793,6
1430425740.376534,5
1430425740.393127,5
1430425740.408381,5
1430425740.426044,6
1430425740.440808,4
1430425740.456108,5
1430425740.470141,6
1430425740.486042,5
1430425740.502825,6
1430425740.518788,6
1430425740.533475,3
1430425740.548772,6
1430425740.563656,7
1430425740.580036,4
1430425740.595891,5
1430425740.609762,5
1430425740.625188,4
1430425740.639579,6
1430425740.654069,4
1430425740.668480,6
1430425740.683372,3
1430425740.700114,5
1430425740.715404,6
1430425740.730121,4
1430425740.747120,4
1430425740.762171,5
1430425740.777093,4
1430425740.790767,7
1430425740.806018,4
1430425740.820185,6
1430425740.836390,4
1430425740.850486,4
1430425740.869224,8
1430425740.883408,4
1430425740.898701,4
1430425740.913950,5
1430425740.929037,6
1430425740.943449,5
1430425740.958125,6
1430425740.976047,8
1430425740.990100,3
1430425741.006312,4
1430425741.023479,6
1430425741.037818,6
1430425741.052148,4
1430425741.066041,5
1430425741.080507,6
1430425741.096170,4
1430425741.111178,4
1430425741.126267,6
1430425741.140544,4
1430425741.155304,4
1430425741.169607,6
1430425741.184470,6
1430425741.198349,4
1430425741.213323,6
1430425741.228279,7
1430425741.243648,4
1430425741.258144,7
1430425741.272475,6
1430425741.287618,5
1430425741.302846,7
1430425741.319008,7
1430425741.333923,6
1430425741.348375,6
1430425741.362812,4
1430425741.377379,7
1430425741.392060,6
1430425741.406552,7
1430425741.420768,7
1430425741.436224,6
1430425741.450645,7
1430425741.465251,7
1430425741.479265,6
1430425741.496481,5
1430425741.512291,7
1430425741.526594,7
1430425741.541133,6
1430425741.555726,9
1430425741.570169,6
1430425741.585627,6
1430425741.600700,6
1430425741.619129,6
1430425741.637295,6
1430425741.652319,6
1430425741.667134,7
1430425741.681561,8
1430425741.697003,8
1430425741.712045,8
1430425741.727202,5
1430425741.742422,8
1430425741.756961,7
1430425741.771762,5
1430425741.786158,6
1430425741.800252,5
1430425741.814570,8
1430425741.829748,6
1430425741.844343,7
1430425741.858851,8
1430425741.874514,5
1430425741.889411,7
1430425741.904711,7
1430425741.918905,7
1430425741.934230,6
1430425741.949424,6
1430425741.965003,8
1430425741.979559,7
1430425741.994113,8
1430425742.008156,6
1430425742.022382,6
1430425742.039466,8
1430425742.053875,6
1430425742.068140,6
1430425742.084356,8
1430425742.098954,8
1430425742.114002,7
1430425742.128280,9
1430425742.142801,7
1430425742.156900,8
1430425742.171092,8
1430425742.185431,9
1430425742.199448,8
1430425742.215642,8
1430425742.229981,8
1430425742.245468,8
1430425742.260044,9
1430425742.274968,8
1430425742.289586,9
1430425742.304002,9
1430425742.319538,10
1430425742.337193,10
1430425742.351471,10
1430425742.366572,10
1430425742.380430,10
1430425742.396029,8
1430425742.411088,8
1430425742.425164,9
1430425742.440291,9
1430425742.456113,9
1430425742.470905,8
1430425742.486126,8
1430425742.500728,8
1430425742.518097,10
1430425742.533580,8
1430425742.549170,8
1430425742.563438,8
1430425742.579226,8
1430425742.593866,9
1430425742.608605,9
1430425742.622400,8
1430425742.637175,8
1430425742.651337,6
1430425742.665359,9
1430425742.679247,8
1430425742.694075,8
1430425742.708175,8
1430425742.722778,8
1430425742.738234,9
1430425742.753008,8
1430425742.768268,8
1430425742.783022,7
1430425742.797953,7
1430425742.813529,8
1430425742.828492,9
1430425742.846089,8
1430425742.860681,9
1430425742.874464,8
1430425742.889026,9
1430425742.903421,8
1430425742.918811,8
1430425742.933787,7
1430425742.948414,7
1430425742.962810,8
1430425742.977244,9
1430425742.992392,7
1430425743.006842,8
1430425743.020518,8
1430425743.037992,8
1430425743.053206,8
1430425743.067486,7
1430425743.082273,9
1430425743.096686,8
1430425743.111490,7
1430425743.128212,7
1430425743.142564,7
1430425743.156974,7
1430425743.171395,6
1430425743.191473,7
1430425743.209425,7
1430425743.224129,8
1430425743.238466,7
1430425743.252906,8
1430425743.267377,6
1430425743.281578,8
1430425743.296699,7
1430425743.311457,8
1430425743.325380,8
1430425743.339824,6
1430425743.355937,8
1430425743.370902,8
1430425743.386167,7
1430425743.400209,6
1430425743.415258,8
1430425743.429715,6
1430425743.445058,9
1430425743.459215,7
1430425743.473462,7
1430425743.487844,8
1430425743.503088,5
1430425743.517784,8
1430425743.532623,7
1430425743.547306,7
1430425743.562187,9
1430425743.577036,7
1430425743.592255,7
1430425743.606391,7
1430425743.621560,8
1430425743.641393,8
1430425743.657680,9
1430425743.676265,8
1430425743.690974,7
1430425743.705769,6
1430425743.720007,7
1430425743.734032,8
1430425743.748551,7
1430425743.763438,7
1430425743.777993,5
1430425743.792503,8
1430425743.808491,7
1430425743.824094,10
1430425743.839225,8
1430425743.853368,7
1430425743.867980,6
1430425743.882887,9
1430425743.897166,8
1430425743.912034,7
1430425743.927597,7
1430425743.941725,7
1430425743.956883,8
1430425743.972692,8
1430425743.987878,6
1430425744.004414,8
1430425744.018782,7
1430425744.034112,8
1430425744.048604,6
1430425744.063068,6
1430425744.077581,7
1430425744.093380,8
1430425744.108444,8
1430425744.123545,7
1430425744.138008,8
1430425744.153067,6
1430425744.168298,6
1430425744.183281,6
1430425744.198054,9
1430425744.213046,7
1430425744.227643,7
1430425744.242564,9
1430425744.256536,6
1430425744.271363,8
1430425744.285843,7
1430425744.300687,6
1430425744.315214,9
1430425744.330038,8
1430425744.345437,6
1430425744.359944,7
1430425744.374926,7
1430425744.389389,8
1430425744.404355,8
1430425744.419093,7
1430425744.435912,8
1430425744.450302,7
1430425744.464147,8
1430425744.478496,7
1430425744.493355,8
1430425744.509404,7
1430425744.523651,8
1430425744.538703,7
1430425744.558083,8
1430425744.573915,8
1430425744.588491,7
1430425744.602871,8
1430425744.617846,8
1430425744.633827,8
1430425744.654271,8
1430425744.669822,6
1430425744.683831,7
1430425744.698814,7
1430425744.713896,7
1430425744.729772,5
1430425744.744499,8
1430425744.760074,7
1430425744.775867,7
1430425744.789857,8
1430425744.804376,8
1430425744.818725,7
1430425744.832628,8
1430425744.848228,7
1430425744.863478,8
1430425744.878526,7
1430425744.894806,7
1430425744.909973,8
1430425744.925689,6
1430425744.939568,7
1430425744.954161,7
1430425744.968178,8
1430425744.982452,6
1430425744.997475,7
1430425745.012448,6
1430425745.028050,8
1430425745.043097,7
1430425745.057381,8
1430425745.072696,8
1430425745.088812,6
1430425745.103770,7
1430425745.118873,7
1430425745.135133,7
1430425745.150220,6
1430425745.165346,6
1430425745.179273,7
1430425745.196237,6
1430425745.210654,8
1430425745.225266,7
1430425745.239005,6
1430425745.253185,6
1430425745.267768,6
1430425745.282139,8
1430425745.296824,7
1430425745.313409,4
1430425745.327299,7
1430425745.344314,6
1430425745.359024,7
1430425745.373846,6
1430425745.389618,6
1430425745.404199,7
1430425745.419805,6
1430425745.435966,7
1430425745.450189,7
1430425745.464964,6
1430425745.479398,5
1430425745.493521,7
1430425745.508582,6
1430425745.531741,5
1430425745.546563,7
1430425745.562427,8
1430425745.576275,6
1430425745.590626,6
1430425745.605554,5
1430425745.620031,8
1430425745.635753,5
1430425745.649996,6
1430425745.664677,8
1430425745.682296,5
1430425745.698815,7
1430425745.713681,5
1430425745.728932,8
1430425745.743896,6
1430425745.758949,6
1430425745.775327,8
1430425745.794249,5
1430425745.809162,8
1430425745.824377,7
1430425745.839634,5
1430425745.853725,7
1430425745.868777,6
1430425745.883671,6
1430425745.898924,7
1430425745.913482,5
1430425745.927962,8
1430425745.943523,6
1430425745.958422,6
1430425745.974615,8
1430425745.989084,7
1430425746.003864,7
1430425746.020184,5
1430425746.035956,7
1430425746.053015,6
1430425746.069149,7
1430425746.084009,5
1430425746.098323,6
1430425746.112820,7
1430425746.126923,6
1430425746.142754,6
1430425746.158769,4
1430425746.173488,6
1430425746.188446,7
1430425746.203313,4
1430425746.217633,6
1430425746.232480,3
1430425746.247033,8
1430425746.263718,7
1430425746.277828,5
1430425746.293194,8
1430425746.309016,5
1430425746.325484,4
1430425746.340490,8
1430425746.355599,5
1430425746.371330,6
1430425746.386310,6
1430425746.400601,3
1430425746.414918,8
1430425746.429813,5
1430425746.445327,7
1430425746.460297,3
1430425746.475676,6
1430425746.490207,5
1430425746.505084,6
1430425746.520285,6
1430425746.534449,5
1430425746.549329,7
1430425746.566302,7
1430425746.581128,6
1430425746.596418,8
1430425746.611937,5
1430425746.626544,6
1430425746.641364,6
1430425746.656022,6
1430425746.671750,7
1430425746.686898,5
1430425746.701956,6
1430425746.717815,6
1430425746.732708,6
1430425746.746626,6
1430425746.761129,5
1430425746.776410,6
1430425746.791179,7
1430425746.806424,6
1430425746.820583,6
1430425746.834574,5
1430425746.850585,6
1430425746.865499,7
1430425746.881869,6
1430425746.896361,6
1430425746.910401,5
1430425746.929900,6
1430425746.944423,7
1430425746.960115,6
1430425746.975669,8
1430425746.989711,5
1430425747.003907,8
1430425747.019055,5
1430425747.041433,8
1430425747.056358,5
1430425747.070861,5
1430425747.087195,8
1430425747.101742,6
1430425747.117201,4
1430425747.133822,6
1430425747.148857,5
1430425747.162863,7
1430425747.177676,5
1430425747.191946,7
1430425747.206167,8
1430425747.220818,4
1430425747.235712,5
1430425747.249819,8
1430425747.264102,4
1430425747.279158,5
1430425747.293300,7
1430425747.307515,6
1430425747.321780,7
1430425747.336458,8
1430425747.351338,6
1430425747.365552,5
1430425747.380554,7
1430425747.395700,6
1430425747.409894,5
1430425747.424555,6
1430425747.439824,6
1430425747.454045,7
1430425747.468091,6
1430425747.482553,8
1430425747.497388,7
1430425747.511995,6
1430425747.526905,7
1430425747.542896,6
1430425747.557285,6
1430425747.571678,5
1430425747.587577,8
1430425747.601611,5
1430425747.617033,4
1430425747.631515,9
1430425747.647661,8
1430425747.662306,7
1430425747.677370,8
1430425747.691925,8
1430425747.706360,6
1430425747.720282,6
1430425747.734357,6
1430425747.748471,6
1430425747.763574,10
1430425747.777614,7
1430425747.792649,9
1430425747.806533,8
1430425747.821168,8
1430425747.835893,9
1430425747.850545,7
1430425747.866496,8
1430425747.880710,8
1430425747.895146,9
1430425747.909313,9
1430425747.923432,8
1430425747.938665,8
1430425747.953107,7
1430425747.969074,8
1430425747.988177,9
1430425748.002884,8
1430425748.017536,9
1430425748.033716,8
1430425748.048568,8
1430425748.064087,9
1430425748.079710,8
1430425748.093480,9
1430425748.109045,8
1430425748.124337,9
1430425748.139584,8
1430425748.154621,8
1430425748.169989,8
1430425748.186710,7
1430425748.203299,8
1430425748.218102,9
1430425748.233742,9
1430425748.248580,8
1430425748.263290,7
1430425748.277880,7
1430425748.292102,7
1430425748.307228,8
1430425748.322588,7
1430425748.337670,7
1430425748.352308,6
1430425748.368439,7
1430425748.383245,8
1430425748.397624,8
1430425748.412389,7
1430425748.426821,8
1430425748.441001,6
1430425748.456086,8
1430425748.471921,8
1430425748.486891,8
1430425748.501033,7
1430425748.517850,8
1430425748.532889,8
1430425748.547489,8
1430425748.561899,9
1430425748.575948,8
1430425748.590111,6
1430425748.605218,8
1430425748.619904,8
1430425748.635377,7
1430425748.649173,8
1430425748.666568,8
1430425748.680888,8
1430425748.695236,8
1430425748.711456,8
1430425748.726177,6
1430425748.742311,6
1430425748.757013,6
1430425748.771018,8
1430425748.785781,6
1430425748.800348,8
1430425748.816153,7
1430425748.831361,6
1430425748.845783,9
1430425748.859976,7
1430425748.875387,7
1430425748.890116,7
1430425748.904633,6
1430425748.920055,8
1430425748.934335,7
1430425748.948644,8
1430425748.963916,7
1430425748.978948,8
1430425748.993874,8
1430425749.008145,7
1430425749.023263,9
1430425749.037766,8
1430425749.054007,5
1430425749.068431,7
1430425749.085731,7
1430425749.099693,7
1430425749.114291,7
1430425749.128801,7
1430425749.143145,8
1430425749.158620,8
1430425749.172978,8
1430425749.187096,6
1430425749.201241,8
1430425749.216385,8
1430425749.230985,7
1430425749.245773,8
1430425749.263795,5
1430425749.278165,6
1430425749.295044,8
1430425749.309233,8
1430425749.325822,8
1430425749.342046,6
1430425749.357454,6
1430425749.371432,8
1430425749.388418,7
1430425749.403226,7
1430425749.418152,7
1430425749.432708,8
1430425749.448298,8
1430425749.462649,8
1430425749.476694,7
1430425749.490905,8
1430425749.506119,9
1430425749.520467,8
1430425749.536227,8
1430425749.552710,8
1430425749.567347,10
1430425749.583454,7
1430425749.681607,10
1430425749.696101,18
1430425749.710989,18
1430425749.725936,26
1430425749.742369,30
1430425749.757416,34
1430425749.772067,40
1430425749.786815,35
1430425749.801396,36
1430425749.818075,34
1430425749.833103,29
1430425749.848762,28
1430425749.863118,26
1430425749.877677,22
1430425749.891782,20
1430425749.906482,19
1430425749.921825,15
1430425749.938439,16
1430425749.952759,17
1430425749.969389,18
1430425749.983639,18
1430425749.997929,15
1430425750.012945,15
1430425750.028258,15
1430425750.042575,16
1430425750.058226,19
1430425750.073637,18
1430425750.088500,17
1430425750.103387,14
1430425750.117270,18
1430425750.132342,14
1430425750.149031,18
1430425750.164069,15
1430425750.179548,18
1430425750.193366,17
1430425750.208489,18
1430425750.224328,14
1430425750.241518,15
1430425750.256411,12
1430425750.270352,15
1430425750.284766,14
1430425750.298968,14
1430425750.313603,16
1430425750.328203,15
1430425750.343671,13
1430425750.358379,14
1430425750.373480,14
1430425750.390742,13
1430425750.405937,15
1430425750.420592,14
1430425750.435902,11
1430425750.450077,12
1430425750.465901,10
1430425750.480066,13
1430425750.495478,12
1430425750.510149,11
1430425750.525155,10
1430425750.539799,11
1430425750.556514,11
1430425750.572497,11
1430425750.588678,13
1430425750.603384,10
1430425750.618305,10
1430425750.633129,12
1430425750.647530,11
1430425750.662709,11
1430425750.678183,10
1430425750.692583,10
1430425750.708218,10
1430425750.723405,10
1430425750.739746,11
1430425750.753766,10
1430425750.768331,10
1430425750.784656,11
1430425750.799493,9
1430425750.814679,11
1430425750.829871,12
1430425750.844115,10
1430425750.858847,11
1430425750.873537,10
1430425750.888906,11
1430425750.903391,10
1430425750.919172,11
1430425750.933698,12
1430425750.948496,11
1430425750.962718,11
1430425750.978344,9
1430425750.993020,11
1430425751.008671,10
1430425751.023675,11
1430425751.038134,9
1430425751.052494,10
1430425751.066831,11
1430425751.082062,11
1430425751.097877,12
1430425751.113016,10
1430425751.128541,10
1430425751.142585,11
1430425751.157513,10
1430425751.173072,10
1430425751.187475,11
1430425751.201252,10
1430425751.215671,10
1430425751.229872,10
1430425751.244373,10
1430425751.258436,11
1430425751.273338,12
1430425751.288388,12
1430425751.304222,9
1430425751.319110,10
1430425751.333241,10
1430425751.347644,13
1430425751.362488,10
1430425751.376594,10
1430425751.391933,11
1430425751.406437,10
1430425751.420528,12
1430425751.436304,12
1430425751.451021,11
1430425751.465935,9
1430425751.480401,10
1430425751.495894,10
1430425751.510634,12
1430425751.525841,9
1430425751.541598,10
1430425751.556474,10
1430425751.573186,11
1430425751.587984,13
1430425751.606111,13
1430425751.621348,11
1430425751.637095,9
1430425751.651460,10
1430425751.666274,13
1430425751.680828,12
1430425751.695910,11
1430425751.709757,9
1430425751.725806,9
1430425751.741729,11
1430425751.757062,12
1430425751.772306,10
1430425751.786468,10
1430425751.800459,9
1430425751.815490,11
1430425751.830118,12
1430425751.845174,12
1430425751.859826,10
1430425751.874382,9
1430425751.889006,11
1430425751.903441,11
1430425751.917761,12
1430425751.932223,10
1430425751.946553,11
1430425751.960841,7
1430425751.975623,13
1430425751.990194,13
1430425752.005838,10
1430425752.020289,11
1430425752.034576,8
1430425752.051039,13
1430425752.066334,12
1430425752.081751,12
1430425752.101270,13
1430425752.120711,12
1430425752.142728,10
1430425752.157478,12
1430425752.171524,12
1430425752.187455,13
1430425752.201983,14
1430425752.216995,9
1430425752.232436,11
1430425752.246939,11
1430425752.261556,12
1430425752.276239,12
1430425752.290835,9
1430425752.305834,10
1430425752.320257,11
1430425752.335504,13
1430425752.351372,13
1430425752.366579,11
1430425752.381073,10
1430425752.396719,10
1430425752.411504,12
1430425752.427091,9
1430425752.442123,9
1430425752.456682,11
1430425752.470834,11
1430425752.486329,10
1430425752.500698,11
1430425752.516757,10
1430425752.531109,11
1430425752.546066,9
1430425752.561029,9
1430425752.576893,13
1430425752.591733,11
1430425752.608321,14
1430425752.623090,10
1430425752.637581,9
1430425752.652320,10
1430425752.666678,10
1430425752.682899,9
1430425752.697982,9
1430425752.712689,9
1430425752.727451,10
1430425752.742262,11
1430425752.758464,11
1430425752.772854,10
1430425752.788027,9
1430425752.802903,8
1430425752.818649,12
1430425752.833190,11
1430425752.847604,9
1430425752.861759,9
1430425752.876643,8
1430425752.891249,8
1430425752.906315,9
1430425752.921472,10
1430425752.935898,10
1430425752.950105,8
1430425752.964897,10
1430425752.978946,11
1430425752.994500,11
1430425753.008973,9
1430425753.023705,10
1430425753.038588,10
1430425753.052697,9
1430425753.067969,10
1430425753.082476,8
1430425753.096969,10
1430425753.111801,9
1430425753.127445,11
1430425753.141776,12
1430425753.156479,12
1430425753.171116,11
1430425753.185455,10
1430425753.199967,11
1430425753.215431,12
1430425753.229861,11
1430425753.244397,11
1430425753.258788,10
1430425753.273950,9
1430425753.288359,9
1430425753.303504,11
1430425753.318052,12
1430425753.332925,11
1430425753.347440,11
1430425753.362306,11
1430425753.377569,11
1430425753.391877,13
1430425753.406559,11
1430425753.421541,9
1430425753.435580,8
1430425753.450695,9
1430425753.465063,11
1430425753.479371,11
1430425753.493669,10
1430425753.507900,10
1430425753.523664,8
1430425753.538257,11
1430425753.552862,12
1430425753.568180,13
1430425753.583550,10
1430425753.598628,10
1430425753.613944,9
1430425753.628910,12
1430425753.643200,12
1430425753.657316,10
1430425753.671630,10
1430425753.686102,10
1430425753.699891,10
1430425753.714523,11
1430425753.729972,11
1430425753.745449,11
1430425753.759874,11
1430425753.774721,11
1430425753.791288,10
1430425753.805816,12
1430425753.819944,11
1430425753.835325,10
1430425753.851917,9
1430425753.867108,10
1430425753.883348,11
1430425753.897518,11
1430425753.911081,10
1430425753.926303,11
1430425753.940473,10
1430425753.954441,11
1430425753.968481,12
1430425753.983654,11
1430425753.997639,11
1430425754.012282,10
1430425754.026961,9
1430425754.041336,12
1430425754.058190,14
1430425754.073707,10
1430425754.088981,12
1430425754.103118,11
1430425754.119650,9
1430425754.133363,12
1430425754.147931,10
1430425754.163864,9
1430425754.178933,11
1430425754.194132,10
1430425754.208917,10
1430425754.224067,11
1430425754.238934,11
1430425754.253759,10
1430425754.268689,9
1430425754.283096,10
1430425754.299244,13
1430425754.314554,11
1430425754.330565,10
1430425754.345467,10
1430425754.360584,11
1430425754.376033,11
1430425754.390297,11
1430425754.404656,11
1430425754.420258,11
1430425754.435899,8
1430425754.451025,11
1430425754.466284,13
1430425754.480283,11
1430425754.496289,11
1430425754.511548,12
1430425754.526884,11
1430425754.541619,11
1430425754.555919,11
1430425754.569798,13
1430425754.584443,10
1430425754.599970,11
1430425754.613558,9
1430425754.628920,10
1430425754.643238,10
1430425754.657681,11
1430425754.672900,10
1430425754.686870,10
1430425754.701199,10
1430425754.716583,10
1430425754.733356,10
1430425754.748945,9
1430425754.764101,11
1430425754.779063,10
1430425754.795581,11
1430425754.809678,11
1430425754.825715,10
1430425754.840201,11
1430425754.854892,10
1430425754.869999,10
1430425754.885977,12
1430425754.900385,13
1430425754.915229,10
1430425754.929522,10
1430425754.943921,12
1430425754.958117,9
1430425754.973405,10
1430425754.987794,10
1430425755.001878,11
1430425755.017422,10
1430425755.031407,10
1430425755.046646,8
1430425755.062332,8
1430425755.076997,11
1430425755.091113,9
1430425755.105227,10
1430425755.120288,9
1430425755.135013,8
1430425755.150043,12
1430425755.165015,11
1430425755.179889,10
1430425755.194226,10
1430425755.208562,9
1430425755.222429,8
1430425755.236912,10
1430425755.252872,9
1430425755.267312,10
1430425755.281864,8
1430425755.297265,8
1430425755.312250,10
1430425755.327231,10
1430425755.342012,10
1430425755.356733,8
1430425755.371118,8
1430425755.385334,11
1430425755.400511,11
1430425755.415355,10
1430425755.429404,10
1430425755.444853,10
1430425755.459346,11
1430425755.475699,11
1430425755.490576,11
1430425755.505714,10
1430425755.520470,11
1430425755.536108,10
1430425755.551949,12
1430425755.566053,10
1430425755.581639,12
1430425755.596117,9
1430425755.610239,9
1430425755.626268,10
1430425755.640268,10
1430425755.655672,10
1430425755.672244,12
1430425755.687391,10
1430425755.702835,10
1430425755.719926,12
1430425755.735070,11
1430425755.750570,13
1430425755.765435,11
1430425755.780859,9
1430425755.794579,11
1430425755.809368,12
1430425755.824074,11
1430425755.840123,12
1430425755.855995,9
1430425755.870476,10
1430425755.885016,10
1430425755.909570,13
1430425755.925305,10
1430425755.941588,9
1430425755.956525,10
1430425755.971111,12
1430425755.986362,12
1430425756.000847,13
1430425756.015793,11
1430425756.031016,9
1430425756.046017,10
1430425756.060651,12
1430425756.075848,11
1430425756.090410,11
1430425756.109716,12
1430425756.125233,12
1430425756.140089,11
1430425756.155757,9
1430425756.171372,9
1430425756.186904,12
1430425756.201922,13
1430425756.216772,10
1430425756.230955,10
1430425756.245907,11
1430425756.259872,11
1430425756.274359,10
1430425756.289024,11
1430425756.306024,11
1430425756.320543,10
1430425756.335923,10
1430425756.350821,11
1430425756.364681,9
1430425756.381441,13
1430425756.396857,10
1430425756.411341,11
1430425756.425958,10
1430425756.441810,10
1430425756.457230,10
1430425756.471610,11
1430425756.486658,11
1430425756.501901,9
1430425756.517180,11
1430425756.532761,12
1430425756.546916,11
1430425756.561346,9
1430425756.576336,13
1430425756.591686,10
1430425756.607157,10
1430425756.622234,11
1430425756.637212,9
1430425756.652285,9
1430425756.667109,10
1430425756.681860,12
1430425756.696734,12
1430425756.711076,13
1430425756.725633,9
1430425756.740973,9
1430425756.756470,10
1430425756.771261,12
1430425756.785855,13
1430425756.800259,10
1430425756.815519,9
1430425756.830122,9
1430425756.845469,10
1430425756.859496,12
1430425756.876200,10
1430425756.891248,9
1430425756.905159,9
1430425756.919864,11
1430425756.934225,12
1430425756.949287,10
1430425756.963887,10
1430425756.978343,11
1430425756.992850,9
1430425757.007780,10
1430425757.021713,12
1430425757.035815,11
1430425757.049559,10
1430425757.063634,10
1430425757.078860,10
1430425757.093950,11
1430425757.109285,12
1430425757.123880,10
1430425757.139656,10
1430425757.153993,11
1430425757.170441,11
1430425757.184445,10
1430425757.200225,12
1430425757.214519,10
1430425757.228914,10
1430425757.243473,12
1430425757.258240,8
1430425757.272651,12
1430425757.287115,13
1430425757.300932,9
1430425757.316067,11
1430425757.331252,11
1430425757.346688,11
1430425757.361732,14
1430425757.375957,10
1430425757.391541,9
1430425757.406284,9
1430425757.421209,10
1430425757.435222,12
1430425757.450117,12
1430425757.464571,11
1430425757.478684,11
1430425757.494568,9
1430425757.509222,8
1430425757.525082,12
1430425757.541227,11
1430425757.558378,9
1430425757.573536,11
1430425757.588269,9
1430425757.602105,12
1430425757.616528,13
1430425757.631062,12
1430425757.645777,9
1430425757.661891,11
1430425757.676674,10
1430425757.690370,10
1430425757.705726,11
1430425757.720239,10
1430425757.735298,8
1430425757.749848,12
1430425757.764571,12
1430425757.780139,11
1430425757.795786,11
1430425757.809937,8
1430425757.825736,11
1430425757.839762,12
1430425757.854267,11
1430425757.868721,11
1430425757.883785,10
1430425757.898848,8
1430425757.913758,12
1430425757.929310,11
1430425757.944569,12
1430425757.960852,9
1430425757.975123,9
1430425757.989213,11
1430425758.003981,11
1430425758.017864,12
1430425758.032592,10
1430425758.047110,10
1430425758.061617,8
1430425758.076954,12
1430425758.092031,11
1430425758.106750,11
1430425758.120946,9
1430425758.135455,10
1430425758.149518,12
1430425758.164721,12
1430425758.179289,11
1430425758.193611,12
1430425758.208023,8
1430425758.222849,10
1430425758.237905,12
1430425758.253457,10
1430425758.267832,11
1430425758.282470,11
1430425758.298236,10
1430425758.312835,10
1430425758.327996,11
1430425758.342583,13
1430425758.356786,11
1430425758.370666,9
1430425758.386014,10
1430425758.401448,10
1430425758.416460,13
1430425758.431446,10
1430425758.446640,9
1430425758.461663,7
1430425758.475787,11
1430425758.490146,11
1430425758.506016,9
1430425758.520403,9
1430425758.535627,8
1430425758.551031,10
1430425758.565424,11
1430425758.581367,12
1430425758.596080,10
1430425758.610294,9
1430425758.626405,10
1430425758.640779,12
1430425758.655235,12
1430425758.671928,10
1430425758.686997,10
1430425758.703174,10
1430425758.717495,12
1430425758.732281,13
1430425758.747824,12
1430425758.762792,10
1430425758.777299,11
1430425758.792451,9
1430425758.806795,12
1430425758.820793,12
1430425758.835967,10
1430425758.850032,13
1430425758.866584,9
1430425758.881369,9
1430425758.896986,13
1430425758.911345,14
1430425758.927169,10
1430425758.942204,12
1430425758.957137,11
1430425758.971895,11
1430425758.985843,12
1430425759.001360,11
1430425759.016569,11
1430425759.031026,12
1430425759.046782,11
1430425759.061600,12
1430425759.076512,12
1430425759.091388,12
1430425759.106945,10
1430425759.122633,12
1430425759.139149,10
1430425759.155841,10
1430425759.170238,11
1430425759.185387,11
1430425759.200473,11
1430425759.215757,10
1430425759.231232,13
1430425759.245873,12
1430425759.260231,10
1430425759.275165,10
1430425759.289695,12
1430425759.305585,11
1430425759.319503,13
1430425759.335442,13
1430425759.351758,10
1430425759.366061,10
1430425759.380215,10
1430425759.395441,12
1430425759.410411,12
1430425759.428665,13
1430425759.443417,10
1430425759.458535,12
1430425759.473602,12
1430425759.488633,10
1430425759.504021,13
1430425759.518245,12
1430425759.533879,9
1430425759.548996,12
1430425759.563638,9
1430425759.578233,11
1430425759.593081,10
1430425759.607431,9
1430425759.621678,12
1430425759.635740,9
1430425759.650290,9
1430425759.665233,9
1430425759.679513,10
1430425759.694303,8
1430425759.708571,10
1430425759.723847,10
1430425759.740312,11
1430425759.756297,10
1430425759.770618,10
1430425759.785315,9
1430425759.799278,9
1430425759.813540,8
1430425759.829815,8
1430425759.844616,9
1430425759.861407,12
1430425759.876101,8
1430425759.889893,9
1430425759.904649,10
1430425759.919217,10
1430425759.934098,11
1430425759.948495,12
1430425759.963252,8
1430425759.977865,12
1430425759.992995,8
1430425760.009991,12
1430425760.026490,12
1430425760.045001,9
1430425760.059727,8
1430425760.075442,10
1430425760.089781,10
1430425760.104765,11
1430425760.120661,10
1430425760.135782,10
1430425760.150557,7
1430425760.165158,9
1430425760.180729,11
1430425760.196091,11
1430425760.209997,9
1430425760.226131,10
1430425760.240624,9
1430425760.255616,11
1430425760.271560,11
1430425760.286952,10
1430425760.301526,9
1430425760.316227,10
1430425760.330703,7
1430425760.345414,11
1430425760.359648,10
1430425760.375197,9
1430425760.389207,11
1430425760.404014,9
1430425760.418842,11
1430425760.437830,12
1430425760.452410,12
1430425760.469297,8
1430425760.484465,11
1430425760.499423,11
1430425760.514392,11
1430425760.529691,10
1430425760.547797,13
1430425760.562994,10
1430425760.578921,12
1430425760.593606,9
1430425760.609192,13
1430425760.624515,9
1430425760.639955,9
1430425760.655118,9
1430425760.669678,11
1430425760.684647,12
1430425760.698566,11
1430425760.713495,7
1430425760.729209,12
1430425760.744246,11
1430425760.758913,11
1430425760.775469,11
1430425760.789833,10
1430425760.803683,9
1430425760.818751,10
1430425760.832888,11
1430425760.847460,10
1430425760.862486,11
1430425760.879124,10
1430425760.894177,8
1430425760.909054,10
1430425760.927935,12
1430425760.942595,11
1430425760.958252,11
1430425760.973935,9
1430425760.988595,11
1430425761.003938,11
1430425761.019359,12
1430425761.042727,12
1430425761.059587,10
1430425761.074869,8
1430425761.089208,9
1430425761.103788,9
1430425761.119958,11
1430425761.134435,9
1430425761.149268,7
1430425761.165346,9
1430425761.179626,10
1430425761.194283,9
1430425761.209314,8
1430425761.223497,10
1430425761.239207,9
1430425761.255247,11
1430425761.270170,7
1430425761.285052,9
1430425761.299739,11
1430425761.314591,8
1430425761.329164,10
1430425761.343941,9
1430425761.359823,9
1430425761.373948,10
1430425761.388048,9
1430425761.402641,9
1430425761.417682,11
1430425761.432332,8
1430425761.446865,10
1430425761.469698,10
1430425761.484011,6
1430425761.498357,9
1430425761.513872,9
1430425761.529114,10
1430425761.543736,9
1430425761.558956,8
1430425761.573099,11
1430425761.587299,10
1430425761.602185,8
1430425761.615942,9
1430425761.631720,8
1430425761.646540,9
1430425761.662227,7
1430425761.676554,9
1430425761.691145,9
1430425761.706839,9
1430425761.721931,9
1430425761.736625,8
1430425761.752824,11
1430425761.767033,8
1430425761.781955,10
1430425761.796343,8
1430425761.810398,10
1430425761.827645,9
1430425761.841914,11
1430425761.856090,9
1430425761.869801,9
1430425761.884107,11
1430425761.899323,11
1430425761.914474,9
1430425761.929363,11
1430425761.944227,11
1430425761.959973,12
1430425761.974576,10
1430425761.989599,11
1430425762.004709,9
1430425762.020012,11
1430425762.037202,11
1430425762.052695,10
1430425762.066989,11
1430425762.081537,11
1430425762.096620,11
1430425762.111614,12
1430425762.127641,13
1430425762.143920,10
1430425762.158467,11
1430425762.172924,11
1430425762.188025,11
1430425762.202610,12
1430425762.217213,9
1430425762.232435,9
1430425762.246954,11
1430425762.261481,11
1430425762.276544,12
1430425762.291742,11
1430425762.306489,10
1430425762.321469,11
1430425762.336949,10
1430425762.353132,12
1430425762.367161,14
1430425762.381893,11
1430425762.397120,9
1430425762.411834,9
1430425762.426740,11
1430425762.441062,14
1430425762.456225,10
1430425762.470921,10
1430425762.485849,11
1430425762.500150,11
1430425762.515475,11
1430425762.531769,13
1430425762.548128,13
1430425762.562824,10
1430425762.577860,9
1430425762.591947,11
1430425762.606204,11
1430425762.620533,12
1430425762.635058,11
1430425762.650052,10
1430425762.665810,10
1430425762.680965,10
1430425762.696399,9
1430425762.710680,11
1430425762.725659,10
1430425762.740593,10
1430425762.755078,9
1430425762.770256,12
1430425762.785100,12
1430425762.799542,12
1430425762.815562,10
1430425762.829909,10
1430425762.845163,12
1430425762.859791,10
1430425762.876058,11
1430425762.890523,10
1430425762.906000,10
1430425762.920849,9
1430425762.935635,12
1430425762.950115,14
1430425762.965567,10
1430425762.979930,10
1430425762.994912,10
1430425763.010298,10
1430425763.024419,11
1430425763.038921,11
1430425763.053069,10
1430425763.068109,9
1430425763.083859,11
1430425763.098011,12
1430425763.112147,11
1430425763.126874,12
1430425763.141668,11
1430425763.157840,10
1430425763.173127,11
1430425763.187652,12
1430425763.202684,12
1430425763.218886,12
1430425763.233713,11
1430425763.248015,9
1430425763.262372,12
1430425763.276247,12
1430425763.290886,11
1430425763.305451,11
1430425763.320075,9
1430425763.334382,11
1430425763.349846,13
1430425763.364299,12
1430425763.379209,11
1430425763.393058,8
1430425763.407670,9
1430425763.421647,10
1430425763.436872,13
1430425763.451757,12
1430425763.466527,11
1430425763.482605,9
1430425763.497081,9
1430425763.511556,11
1430425763.526108,11
1430425763.540988,11
1430425763.555642,9
1430425763.570222,9
1430425763.585252,12
1430425763.600092,12
1430425763.614452,12
1430425763.628472,10
1430425763.643309,10
1430425763.658439,12
1430425763.673712,9
1430425763.688326,11
1430425763.702441,12
1430425763.718069,9
1430425763.733788,8
1430425763.748837,12
1430425763.765311,9
1430425763.780268,12
1430425763.795388,8
1430425763.810194,8
1430425763.826467,9
1430425763.841249,14
1430425763.856256,11
1430425763.870703,11
1430425763.884544,9
1430425763.899758,10
1430425763.915935,11
1430425763.931250,11
1430425763.946401,12
1430425763.960380,9
1430425763.974905,10
1430425763.990219,11
1430425764.006080,13
1430425764.020405,10
1430425764.034862,12
1430425764.050246,8
1430425764.065893,9
1430425764.080546,11
1430425764.096003,10
1430425764.110883,11
1430425764.126399,10
1430425764.140736,11
1430425764.155803,9
1430425764.170417,10
1430425764.185246,11
1430425764.200252,9
1430425764.215681,9
1430425764.229810,11
1430425764.244470,11
1430425764.259603,11
1430425764.276017,10
1430425764.290756,11
1430425764.305907,10
1430425764.320529,12
1430425764.335244,10
1430425764.350103,10
1430425764.365191,12
1430425764.379855,11
1430425764.394316,12
1430425764.409448,10
1430425764.423333,9
1430425764.438442,13
1430425764.454188,10
1430425764.468723,12
1430425764.483758,11
1430425764.498309,10
1430425764.512867,10
1430425764.528379,11
1430425764.542659,10
1430425764.556901,11
1430425764.570837,10
1430425764.585310,12
1430425764.600010,11
1430425764.614644,10
1430425764.629992,10
1430425764.644307,10
1430425764.659658,10
1430425764.674188,10
1430425764.689669,11
1430425764.703772,12
1430425764.718949,12
1430425764.734043,9
1430425764.749741,10
1430425764.765114,9
1430425764.779187,11
1430425764.794134,12
1430425764.808444,10
1430425764.823521,8
1430425764.839074,11
1430425764.853867,12
1430425764.873016,11
1430425764.887295,11
1430425764.902408,11
1430425764.917369,10
1430425764.931431,10
1430425764.945643,14
1430425764.961132,11
1430425764.975784,10
1430425764.990130,9
1430425765.004364,11
1430425765.018806,14
1430425765.033399,12
1430425765.048160,12
1430425765.063436,8
1430425765.078552,9
1430425765.094200,10
1430425765.109396,10
1430425765.125883,10
1430425765.142728,8
1430425765.156979,10
1430425765.171933,10
1430425765.188043,10
1430425765.201996,9
1430425765.216538,9
1430425765.231035,10
1430425765.245600,12
1430425765.259894,11
1430425765.274556,10
1430425765.289624,10
1430425765.303911,7
1430425765.318640,9
1430425765.332716,9
1430425765.347721,11
1430425765.362027,11
1430425765.377142,10
1430425765.392886,8
1430425765.407389,11
1430425765.423550,10
1430425765.438979,8
1430425765.454175,9
1430425765.468862,9
1430425765.483464,10
1430425765.499150,10
1430425765.514631,10
1430425765.528592,13
1430425765.542788,9
1430425765.559350,8
1430425765.574628,11
1430425765.589609,11
1430425765.604859,10
1430425765.618981,9
1430425765.633105,8
1430425765.647876,11
1430425765.662106,9
1430425765.677252,11
1430425765.691690,10
1430425765.707252,7
1430425765.721721,9
1430425765.736933,11
1430425765.751773,11
1430425765.766123,10
1430425765.780775,9
1430425765.796331,8
1430425765.810364,12
1430425765.827928,10
1430425765.842736,9
1430425765.857222,9
1430425765.872576,8
1430425765.887237,9
1430425765.902361,11
1430425765.916208,8
1430425765.935922,12
1430425765.950236,11
1430425765.965257,13
1430425765.980455,11
1430425765.995996,11
1430425766.011117,11
1430425766.026045,12
1430425766.041155,11
1430425766.055865,13
1430425766.070322,10
1430425766.085830,12
1430425766.101021,12
1430425766.116535,11
1430425766.131728,12
1430425766.146921,13
1430425766.164002,12
1430425766.178588,14
1430425766.194096,12
1430425766.208092,11
1430425766.222468,11
1430425766.237290,11
1430425766.252376,10
1430425766.267829,11
1430425766.282461,12
1430425766.296896,11
1430425766.311379,9
1430425766.326273,11
1430425766.341819,12
1430425766.356000,11
1430425766.370460,12
1430425766.385427,12
1430425766.399186,11
1430425766.415600,12
1430425766.430957,11
1430425766.445698,12
1430425766.459737,11
1430425766.473861,11
1430425766.487707,13
1430425766.504156,10
1430425766.518281,11
1430425766.533889,12
1430425766.549170,11
1430425766.563997,10
1430425766.579595,11
1430425766.594095,10
1430425766.608548,12
1430425766.623292,11
1430425766.638040,11
1430425766.653880,10
1430425766.668924,10
1430425766.684413,11
1430425766.698093,13
1430425766.713354,9
1430425766.728665,10
1430425766.742727,8
1430425766.757419,11
1430425766.771924,11
1430425766.787531,11
1430425766.801440,11
1430425766.816477,8
1430425766.831629,9
1430425766.846064,12
1430425766.861176,13
1430425766.877223,13
1430425766.893402,10
1430425766.908223,11
1430425766.924411,10
1430425766.940014,10
1430425766.954271,10
1430425766.968981,10
1430425766.986010,10
1430425766.999879,8
1430425767.014264,10
1430425767.028724,9
1430425767.043857,10
1430425767.058618,10
1430425767.072957,7
1430425767.087851,9
1430425767.103410,10
1430425767.117925,9
1430425767.132958,9
1430425767.148863,8
1430425767.163495,11
1430425767.178497,8
1430425767.192758,10
1430425767.207141,10
1430425767.221334,10
1430425767.236497,7
1430425767.252446,9
1430425767.267738,11
1430425767.281888,9
1430425767.297676,11
1430425767.312642,7
1430425767.327914,9
1430425767.343059,13
1430425767.357520,10
1430425767.374728,10
1430425767.389767,9
1430425767.404200,11
1430425767.418514,8
1430425767.433373,9
1430425767.447791,10
1430425767.462197,11
1430425767.478969,11
1430425767.493294,10
1430425767.507285,11
1430425767.522625,12
1430425767.538230,10
1430425767.552662,8
1430425767.567040,10
1430425767.583543,9
1430425767.598698,12
1430425767.613919,10
1430425767.628556,9
1430425767.646672,9
1430425767.660591,9
1430425767.675623,10
1430425767.689911,13
1430425767.705840,9
1430425767.720473,8
1430425767.734671,9
1430425767.750216,9
1430425767.765709,10
1430425767.780833,10
1430425767.797270,9
1430425767.811785,11
1430425767.826901,8
1430425767.841513,10
1430425767.856840,11
1430425767.871421,9
1430425767.885741,8
1430425767.900910,9
1430425767.916043,10
1430425767.931172,10
1430425767.945730,9
1430425767.960146,8
1430425767.974673,9
1430425767.990441,9
1430425768.004519,10
1430425768.019568,10
1430425768.034036,9
1430425768.049304,8
1430425768.064099,10
1430425768.078831,11
1430425768.093366,11
1430425768.108909,9
1430425768.124020,8
1430425768.138213,10
1430425768.152345,11
1430425768.167345,10
1430425768.181814,9
1430425768.200021,9
1430425768.215480,9
1430425768.231020,10
1430425768.245781,10
1430425768.260460,10
1430425768.275595,10
1430425768.291860,10
1430425768.306581,9
1430425768.321163,10
1430425768.336284,12
1430425768.350672,9
1430425768.365956,9
1430425768.379851,10
1430425768.394989,9
1430425768.410165,11
1430425768.425047,10
1430425768.439009,9
1430425768.455620,10
1430425768.470712,8
1430425768.485590,10
1430425768.500092,10
1430425768.515896,12
1430425768.531619,9
1430425768.545649,11
1430425768.560149,9
1430425768.577532,10
1430425768.591910,12
1430425768.609379,10
1430425768.624573,7
1430425768.639560,10
1430425768.653787,9
1430425768.668489,9
1430425768.682754,11
1430425768.700119,9
1430425768.715424,8
1430425768.730605,9
1430425768.747474,12
1430425768.763732,13
1430425768.778088,9
1430425768.792777,8
1430425768.807915,10
1430425768.823366,11
1430425768.838720,11
1430425768.852821,10
1430425768.867694,9
1430425768.881529,9
1430425768.896259,11
1430425768.910718,11
1430425768.925519,11
1430425768.939692,8
1430425768.953900,8
1430425768.969383,10
1430425768.984935,9
1430425768.999641,12
1430425769.013980,10
1430425769.028436,8
1430425769.042833,8
1430425769.057756,9
1430425769.072824,11
1430425769.087116,10
1430425769.102383,9
1430425769.116929,8
1430425769.132052,10
1430425769.146839,12
1430425769.162220,11
1430425769.178396,8
1430425769.193560,10
1430425769.208953,10
1430425769.223156,11
1430425769.238433,11
1430425769.254132,10
1430425769.272048,8
1430425769.288311,10
1430425769.303372,8
1430425769.317947,11
1430425769.332506,9
1430425769.346851,8
1430425769.361423,9
1430425769.375998,10
1430425769.390055,12
1430425769.405974,12
1430425769.421289,9
1430425769.438758,10
1430425769.452886,9
1430425769.468814,11
1430425769.483344,11
1430425769.498709,10
1430425769.512903,8
1430425769.528348,9
1430425769.543762,11
1430425769.558424,12
1430425769.573518,10
1430425769.588843,8
1430425769.606049,9
1430425769.620875,11
1430425769.638588,12
1430425769.652786,11
1430425769.668324,10
1430425769.682631,10
1430425769.699493,8
1430425769.713772,10
1430425769.728675,11
1430425769.743739,9
1430425769.758427,9
1430425769.772959,9
1430425769.787983,8
1430425769.802262,10
1430425769.817122,12
1430425769.831740,10
1430425769.846655,11
1430425769.861378,9
1430425769.875479,9
1430425769.889793,9
1430425769.905877,11
1430425769.920293,8
1430425769.934301,8
1430425769.950150,5
1430425769.964863,6
1430425769.979037,6
1430425769.993952,5
1430425770.008818,2
1430425770.023190,5
1430425770.038377,4
1430425770.053427,4
1430425770.067574,5
1430425770.082428,4
1430425770.097100,5
1430425770.111285,4
1430425770.126033,6
1430425770.140727,5
1430425770.155139,4
1430425770.169761,5
1430425770.185183,4
1430425770.200669,5
1430425770.215075,6
1430425770.229612,4
1430425770.245298,5
1430425770.259338,6
1430425770.274440,4
1430425770.289688,4
1430425770.305396,6
1430425770.319733,6
1430425770.333541,6
1430425770.348570,6
1430425770.363172,6
1430425770.377436,4
1430425770.393134,7
1430425770.407557,5
1430425770.422025,4
1430425770.436824,8
1430425770.450967,4
1430425770.465448,5
1430425770.480125,8
1430425770.494496,6
1430425770.508955,4
1430425770.525713,9
1430425770.541158,6
1430425770.555759,7
1430425770.570546,8
1430425770.586096,5
1430425770.600001,8
1430425770.616567,5
1430425770.633497,7
1430425770.650436,7
1430425770.664992,7
1430425770.680609,6
1430425770.696369,8
1430425770.710886,7
1430425770.725071,6
1430425770.741037,6
1430425770.755504,6
1430425770.770120,7
1430425770.785759,8
1430425770.800612,6
1430425770.815016,8
1430425770.828962,7
1430425770.845774,5
1430425770.861494,6
1430425770.875948,6
1430425770.889979,6
1430425770.908019,6
1430425770.923942,6
1430425770.938383,6
1430425770.959662,5
1430425770.975215,6
1430425770.991765,6
1430425771.008533,6
1430425771.024615,6
1430425771.040938,7
1430425771.055843,5
1430425771.069707,7
1430425771.087320,6
1430425771.101544,6
1430425771.117283,7
1430425771.132265,6
1430425771.146472,7
1430425771.160328,7
1430425771.176549,7
1430425771.190873,6
1430425771.206199,7
1430425771.220255,6
1430425771.235408,6
1430425771.249988,7
1430425771.265028,6
1430425771.282803,7
1430425771.297423,6
1430425771.311979,8
1430425771.326538,7
1430425771.341167,8
1430425771.357333,4
1430425771.372293,4
1430425771.387038,8
1430425771.402145,6
1430425771.416998,5
1430425771.431445,9
1430425771.445733,6
1430425771.459882,6
1430425771.474892,8
1430425771.489488,5
1430425771.504674,6
1430425771.518810,6
1430425771.533192,4
1430425771.547524,8
1430425771.562819,5
1430425771.578139,6
1430425771.591912,7
1430425771.608691,6
1430425771.623591,8
1430425771.638599,5
1430425771.653543,8
1430425771.668959,6
1430425771.683623,4
1430425771.697692,8
1430425771.713446,6
1430425771.728205,7
1430425771.743070,4
1430425771.758661,7
1430425771.774092,6
1430425771.788118,7
1430425771.802568,5
1430425771.818579,6
1430425771.834483,7
1430425771.848724,8
1430425771.865450,7
1430425771.879936,5
1430425771.894593,8
1430425771.909742,6
1430425771.925499,4
1430425771.940590,8
1430425771.955336,6
1430425771.970160,6
1430425771.984274,4
1430425771.998633,6
1430425772.013514,8
1430425772.028596,5
1430425772.042690,8
1430425772.057079,5
1430425772.071375,4
1430425772.086472,9
1430425772.100678,5
1430425772.115303,6
1430425772.129989,6
1430425772.145591,6
1430425772.160373,7
1430425772.175636,7
1430425772.189557,7
1430425772.207150,6
1430425772.221453,7
1430425772.237952,7
1430425772.253111,7
1430425772.269652,7
1430425772.288860,5
1430425772.305161,5
1430425772.319798,7
1430425772.334274,5
1430425772.350115,7
1430425772.364494,7
1430425772.378464,6
1430425772.394614,9
1430425772.409707,7
1430425772.425752,8
1430425772.442025,4
1430425772.457668,6
1430425772.473422,6
1430425772.488307,7
1430425772.502340,3
1430425772.517219,6
1430425772.531035,7
1430425772.546042,6
1430425772.563042,6
1430425772.577685,7
1430425772.591934,8
1430425772.608431,5
1430425772.623419,6
1430425772.638386,10
1430425772.652792,4
1430425772.666937,6
1430425772.681811,7
1430425772.696648,5
1430425772.713458,8
1430425772.727744,5
1430425772.743742,8
1430425772.758125,5
1430425772.772635,6
1430425772.787159,7
1430425772.801447,7
1430425772.816609,7
1430425772.832601,7
1430425772.847657,6
1430425772.862744,10
1430425772.878507,5
1430425772.893615,6
1430425772.911223,7
1430425772.928473,5
1430425772.943715,8
1430425772.958705,6
1430425772.973153,8
1430425772.987950,7
1430425773.003630,6
1430425773.017684,7
1430425773.036487,5
1430425773.050700,8
1430425773.071934,7
1430425773.088610,7
1430425773.103034,6
1430425773.121261,6
1430425773.135881,6
1430425773.151594,6
1430425773.166513,8
1430425773.183002,6
1430425773.198708,6
1430425773.213556,7
1430425773.228302,6
1430425773.242251,8
1430425773.258039,7
1430425773.272898,5
1430425773.287992,9
1430425773.302080,6
1430425773.316436,7
1430425773.332894,6
1430425773.347875,7
1430425773.363147,7
1430425773.380266,7
1430425773.396085,8
1430425773.411642,6
1430425773.425994,7
1430425773.441703,6
1430425773.461916,6
1430425773.477690,6
1430425773.492626,6
1430425773.508017,6
1430425773.522728,7
1430425773.538162,6
1430425773.552952,7
1430425773.567242,7
1430425773.581785,6
1430425773.595876,4
1430425773.610132,10
1430425773.625377,6
1430425773.639778,8
1430425773.655814,5
1430425773.670589,6
1430425773.684685,4
1430425773.699830,7
1430425773.714488,8
1430425773.728705,6
1430425773.744003,6
1430425773.758527,6
1430425773.774713,7
1430425773.795072,7
1430425773.810092,7
1430425773.824641,6
1430425773.839586,4
1430425773.854289,7
1430425773.868669,6
1430425773.884239,7
1430425773.898782,7
1430425773.913580,6
1430425773.928314,8
1430425773.942191,8
1430425773.956683,6
1430425773.971415,7
1430425773.987291,4
1430425774.001800,6
1430425774.017951,9
1430425774.032900,7
1430425774.047904,6
1430425774.063129,7
1430425774.078025,6
1430425774.093191,8
1430425774.108207,5
1430425774.122842,8
1430425774.138054,8
1430425774.153889,4
1430425774.168984,7
1430425774.183511,8
1430425774.198274,4
1430425774.213223,7
1430425774.228148,7
1430425774.242526,6
1430425774.259065,8
1430425774.274434,6
1430425774.288673,6
1430425774.303664,8
1430425774.317687,5
1430425774.333094,6
1430425774.348189,9
1430425774.362458,6
1430425774.376418,6
1430425774.390779,8
1430425774.405507,6
1430425774.424654,9
1430425774.439027,8
1430425774.453806,7
1430425774.468932,7
1430425774.483925,8
1430425774.498675,7
1430425774.513001,6
1430425774.528484,8
1430425774.543538,7
1430425774.557638,6
1430425774.575602,6
1430425774.590210,7
1430425774.604235,8
1430425774.619278,7
1430425774.634242,7
1430425774.649336,6
1430425774.663954,8
1430425774.679108,8
1430425774.694092,6
1430425774.708102,9
1430425774.723079,8
1430425774.738482,8
1430425774.753386,7
1430425774.767623,7
1430425774.782054,8
1430425774.797743,7
1430425774.813325,6
1430425774.828005,8
1430425774.843106,7
1430425774.857603,8
1430425774.872065,9
1430425774.887686,7
1430425774.902189,7
1430425774.919058,9
1430425774.933808,9
1430425774.948642,8
1430425774.963325,8
1430425774.978883,8
1430425774.993355,8
1430425775.007881,9
1430425775.023510,8
1430425775.038882,9
1430425775.053917,9
1430425775.068289,10
1430425775.082861,8
1430425775.097391,9
1430425775.112051,8
1430425775.126896,9
1430425775.141034,8
1430425775.156833,9
1430425775.171959,9
1430425775.190213,9
1430425775.205781,9
1430425775.220308,10
1430425775.234567,8
1430425775.249463,8
1430425775.266610,9
1430425775.281523,9
1430425775.296883,9
1430425775.311594,9
1430425775.327266,9
1430425775.345256,10
1430425775.360741,10
1430425775.375673,10
1430425775.390257,10
1430425775.405206,10
1430425775.419574,10
1430425775.436326,9
1430425775.451736,9
1430425775.466300,10
1430425775.486514,9
1430425775.503804,9
1430425775.518216,8
1430425775.532931,8
1430425775.548179,9
1430425775.564006,9
1430425775.585395,8
1430425775.599837,8
1430425775.615252,10
1430425775.630583,8
1430425775.645488,8
1430425775.659975,8
1430425775.674001,8
1430425775.688752,8
1430425775.704115,7
1430425775.722393,8
1430425775.738498,7
1430425775.752637,7
1430425775.767497,7
1430425775.783028,6
1430425775.798028,6
1430425775.812638,5
1430425775.827162,7
1430425775.841140,7
1430425775.855277,8
1430425775.869159,6
1430425775.883633,6
1430425775.898062,6
1430425775.912343,6
1430425775.927043,6
1430425775.941026,6
1430425775.955338,6
1430425775.969396,4
1430425775.985461,7
1430425776.002608,5
1430425776.016830,6
1430425776.033847,5
1430425776.048792,5
1430425776.064084,6
1430425776.078750,6
1430425776.093340,6
1430425776.107675,6
1430425776.123171,5
1430425776.137850,6
1430425776.152547,6
1430425776.167388,5
1430425776.182825,6
1430425776.199535,6
1430425776.218974,6
1430425776.233578,4
1430425776.248537,8
1430425776.262819,8
1430425776.278397,5
1430425776.293307,6
1430425776.307179,8
1430425776.322182,4
1430425776.337101,7
1430425776.351633,5
1430425776.365792,6
1430425776.380903,7
1430425776.396797,6
1430425776.411295,6
1430425776.426162,6
1430425776.443867,6
1430425776.457707,6
1430425776.472138,6
1430425776.488644,5
1430425776.503026,6
1430425776.518160,6
1430425776.533747,6
1430425776.548878,7
1430425776.563072,2
1430425776.577836,5
1430425776.592915,7
1430425776.607789,6
1430425776.621759,6
1430425776.638528,7
1430425776.653009,6
1430425776.668953,7
1430425776.687138,5
1430425776.702179,6
1430425776.716914,5
1430425776.731215,6
1430425776.746939,7
1430425776.761388,6
1430425776.776260,6
1430425776.794286,5
1430425776.809414,6
1430425776.824904,6
1430425776.840165,6
1430425776.855607,6
1430425776.871699,6
1430425776.886558,7
1430425776.903412,6
1430425776.918312,7
1430425776.935024,6
1430425776.949554,7
1430425776.964697,5
1430425776.979782,6
1430425776.994984,6
1430425777.009555,7
1430425777.024834,5
1430425777.039273,5
1430425777.054643,5
1430425777.070944,7
1430425777.085786,6
1430425777.101097,7
1430425777.115910,6
1430425777.131628,7
1430425777.146751,7
1430425777.162098,7
1430425777.179757,7
1430425777.195152,6
1430425777.210105,6
1430425777.225575,7
1430425777.239564,7
1430425777.258308,6
1430425777.273741,6
1430425777.287947,7
1430425777.303195,6
1430425777.317330,6
1430425777.331769,6
1430425777.346343,4
1430425777.361019,7
1430425777.375707,8
1430425777.390819,5
1430425777.405715,7
1430425777.420906,5
1430425777.435014,7
1430425777.449415,9
1430425777.464352,6
1430425777.478899,6
1430425777.493127,6
1430425777.509221,4
1430425777.523298,8
1430425777.538059,5
1430425777.552176,7
1430425777.567925,5
1430425777.585156,6
1430425777.602230,6
1430425777.616427,8
1430425777.631192,6
1430425777.645542,5
1430425777.660186,8
1430425777.675950,6
1430425777.690714,7
1430425777.706088,7
1430425777.720547,4
1430425777.735004,9
1430425777.749744,6
1430425777.763832,7
1430425777.778094,7
1430425777.793825,6
1430425777.808333,6
1430425777.823062,8
1430425777.837469,5
1430425777.852779,6
1430425777.867186,8
1430425777.882201,6
1430425777.897131,6
1430425777.911148,8
1430425777.926970,6
1430425777.941195,8
1430425777.956473,8
1430425777.971810,7
1430425777.986666,7
1430425778.001340,5
1430425778.016024,6
1430425778.030514,7
1430425778.045074,8
1430425778.059318,7
1430425778.074622,8
1430425778.089456,7
1430425778.103901,8
1430425778.118186,7
1430425778.135770,7
1430425778.150637,8
1430425778.165795,7
1430425778.182565,8
1430425778.200219,7
1430425778.215640,7
1430425778.229597,8
1430425778.244097,7
1430425778.258750,8
1430425778.273310,7
1430425778.288503,8
1430425778.302794,7
1430425778.317300,6
1430425778.339138,9
1430425778.355014,8
1430425778.369619,8
1430425778.384060,7
1430425778.398333,7
1430425778.412674,7
1430425778.427262,7
1430425778.441737,8
1430425778.455881,6
1430425778.470358,7
1430425778.485963,7
1430425778.500700,7
1430425778.515026,8
1430425778.529164,9
1430425778.543333,6
1430425778.558458,7
1430425778.573356,8
1430425778.588752,6
1430425778.607240,7
1430425778.623250,6
1430425778.638328,7
1430425778.652724,7
1430425778.670927,7
1430425778.687514,7
1430425778.702551,5
1430425778.717586,8
1430425778.732229,7
1430425778.747873,7
1430425778.765932,7
1430425778.781227,7
1430425778.796732,6
1430425778.810815,8
1430425778.825737,8
1430425778.841211,6
1430425778.856775,6
1430425778.870829,9
1430425778.885255,6
1430425778.899382,6
1430425778.913376,5
1430425778.928827,6
1430425778.944349,8
1430425778.958873,7
1430425778.973822,6
1430425778.988160,5
1430425779.002018,7
1430425779.016229,6
1430425779.031284,7
1430425779.046499,8
1430425779.060641,6
1430425779.076591,8
1430425779.092192,6
1430425779.108110,7
1430425779.122083,6
1430425779.137453,8
1430425779.152028,7
1430425779.167472,8
1430425779.182452,7
1430425779.196835,5
1430425779.212786,7
1430425779.228173,7
1430425779.242284,7
1430425779.256944,8
1430425779.271394,8
1430425779.285699,8
1430425779.301220,8
1430425779.315640,9
1430425779.330036,6
1430425779.345938,9
1430425779.360783,7
1430425779.376806,9
1430425779.391845,9
1430425779.406646,8
1430425779.421056,7
1430425779.436960,7
1430425779.451487,7
1430425779.465951,9
1430425779.480199,8
1430425779.494557,7
1430425779.508741,7
1430425779.524176,7
1430425779.538642,8
1430425779.553298,9
1430425779.567843,7
1430425779.583371,9
1430425779.611718,8
1430425779.629099,9
1430425779.643372,9
1430425779.658852,7
1430425779.672775,9
1430425779.687589,9
1430425779.702989,7
1430425779.718109,7
1430425779.733406,6
1430425779.747904,9
1430425779.762331,8
1430425779.777226,7
1430425779.794595,9
1430425779.809542,8
1430425779.824561,5
1430425779.839620,0
1430425779.854548,1
1430425779.868689,0
1430425779.882751,0
1430425779.898410,0
1430425779.913403,0
1430425779.932439,0
1430425779.948978,0
1430425779.965261,0
1430425779.983645,0
1430425780.000505,0
1430425780.016713,0
1430425780.030900,0
1430425780.047770,0
1430425780.062291,0
1430425780.076490,0
1430425780.095708,0
1430425780.114483,0
1430425780.131364,0
1430425780.147853,0
1430425780.162317,0
1430425780.180176,0
1430425780.196144,0
1430425780.212070,0
1430425780.227487,0
1430425780.241714,0
1430425780.256647,0
1430425780.273015,0
1430425780.287970,0
1430425780.302316,0
1430425780.316753,0
1430425780.339509,0
1430425780.356035,0
1430425780.374020,0
1430425780.388877,0
1430425780.403066,0
1430425780.417265,0
1430425780.434837,0
1430425780.453408,0
1430425780.470083,0
1430425780.484989,0
1430425780.499271,0
1430425780.516094,0
1430425780.531340,0
1430425780.547354,0
1430425780.562484,0
1430425780.580671,0
1430425780.599015,0
