1430425844.637624,0
1430425844.655703,0
1430425844.692605,6
1430425844.707401,1
1430425844.723020,8
1430425844.737627,9
1430425844.752440,9
1430425844.768918,8
1430425844.783347,9
1430425844.799157,9
1430425844.813613,9
1430425844.827788,9
1430425844.841781,9
1430425844.857426,10
1430425844.871294,10
1430425844.885939,9
1430425844.900854,9
1430425844.915338,10
1430425844.929251,9
1430425844.945501,9
1430425844.959685,10
1430425844.974371,10
1430425844.988753,10
1430425845.002764,7
1430425845.017712,9
1430425845.032383,9
1430425845.047926,9
1430425845.061892,7
1430425845.077321,8
1430425845.091782,9
1430425845.106586,8
1430425845.122028,8
1430425845.136028,8
1430425845.151400,6
1430425845.166956,7
1430425845.181655,7
1430425845.197455,7
1430425845.213682,5
1430425845.229302,8
1430425845.244030,6
1430425845.259586,5
1430425845.276302,8
1430425845.291494,4
1430425845.307508,8
1430425845.321897,6
1430425845.336933,6
1430425845.351425,6
1430425845.365330,6
1430425845.379772,4
1430425845.394399,5
1430425845.408625,6
1430425845.422909,6
1430425845.438973,4
1430425845.454062,6
1430425845.469685,7
1430425845.485018,4
1430425845.500360,8
1430425845.514085,4
1430425845.528587,6
1430425845.546010,3
1430425845.560608,4
1430425845.575531,7
1430425845.590414,4
1430425845.604394,6
1430425845.619491,5
1430425845.634755,5
1430425845.650319,8
1430425845.665072,4
1430425845.680543,6
1430425845.696444,6
1430425845.711486,5
1430425845.725735,7
1430425845.739602,4
1430425845.753782,7
1430425845.769662,4
1430425845.784607,4
1430425845.798879,6
1430425845.816243,6
1430425845.831572,6
1430425845.845727,4
1430425845.860206,6
1430425845.874127,7
1430425845.888258,4
1430425845.903079,7
1430425845.919763,6
1430425845.934326,5
1430425845.949851,6
1430425845.963833,6
1430425845.978289,5
1430425845.993732,4
1430425846.008892,7
1430425846.023035,6
1430425846.038002,4
1430425846.052879,7
1430425846.068708,4
1430425846.082942,7
1430425846.098010,6
1430425846.112245,6
1430425846.127145,5
1430425846.141441,4
1430425846.155724,7
1430425846.174153,6
1430425846.188550,5
1430425846.202520,5
1430425846.217688,6
1430425846.231856,7
1430425846.246527,4
1430425846.261497,6
1430425846.276244,7
1430425846.298881,7
1430425846.315547,3
1430425846.329711,8
1430425846.345365,4
1430425846.359258,5
1430425846.374957,6
1430425846.391170,5
1430425846.405973,6
1430425846.423593,5
1430425846.439042,6
1430425846.455431,5
1430425846.470069,5
1430425846.485460,7
1430425846.500523,6
1430425846.516348,6
1430425846.531248,9
1430425846.545830,6
1430425846.560998,6
1430425846.576280,7
1430425846.590330,6
1430425846.606280,7
1430425846.620502,6
1430425846.636452,6
1430425846.651888,6
1430425846.665974,6
1430425846.680899,6
1430425846.694513,6
1430425846.709978,6
1430425846.725955,6
1430425846.740685,6
1430425846.756482,6
1430425846.770470,7
1430425846.785814,7
1430425846.800367,8
1430425846.814227,7
1430425846.829370,8
1430425846.843419,6
1430425846.858928,6
1430425846.873438,7
1430425846.887477,6
1430425846.901654,6
1430425846.917111,8
1430425846.932113,7
1430425846.947433,6
1430425846.963178,8
1430425846.977371,8
1430425846.991293,6
1430425847.005555,7
1430425847.020692,9
1430425847.035233,5
1430425847.049753,7
1430425847.064063,7
1430425847.079710,5
1430425847.094201,7
1430425847.109421,9
1430425847.124030,7
1430425847.138896,8
1430425847.153497,8
1430425847.168493,6
1430425847.183297,9
1430425847.200834,9
1430425847.214609,8
1430425847.228791,7
1430425847.243519,8
1430425847.257921,8
1430425847.272130,8
1430425847.287747,9
1430425847.302578,8
1430425847.316766,8
1430425847.331010,9
1430425847.346405,8
1430425847.360885,9
1430425847.376180,9
1430425847.390588,8
1430425847.405066,8
1430425847.420151,8
1430425847.435499,9
1430425847.450905,9
1430425847.465424,8
1430425847.480388,9
1430425847.495706,8
1430425847.510739,10
1430425847.526547,9
1430425847.541717,9
1430425847.555665,10
1430425847.570976,10
1430425847.586061,10
1430425847.600574,9
1430425847.615316,9
1430425847.630542,9
1430425847.646718,10
1430425847.661695,9
1430425847.677309,10
1430425847.692235,10
1430425847.707534,8
1430425847.722658,8
1430425847.738739,8
1430425847.752966,9
1430425847.767734,8
1430425847.781792,7
1430425847.797216,8
1430425847.811651,8
1430425847.827243,8
1430425847.841406,8
1430425847.855753,8
1430425847.869900,9
1430425847.884017,9
1430425847.899233,8
1430425847.914005,8
1430425847.929618,8
1430425847.945416,8
1430425847.960097,8
1430425847.974266,8
1430425847.989923,8
1430425848.004169,8
1430425848.018514,8
1430425848.033616,7
1430425848.048214,9
1430425848.063050,9
1430425848.078357,6
1430425848.092363,8
1430425848.106500,8
1430425848.120526,8
1430425848.134365,8
1430425848.151517,7
1430425848.165984,8
1430425848.181407,7
1430425848.195967,7
1430425848.211390,7
1430425848.225838,7
1430425848.240647,8
1430425848.256268,9
1430425848.270988,8
1430425848.286856,7
1430425848.301375,7
1430425848.316850,6
1430425848.337788,7
1430425848.352035,9
1430425848.368773,8
1430425848.383318,6
1430425848.397826,8
1430425848.413633,7
1430425848.428858,7
1430425848.443190,9
1430425848.457741,6
1430425848.473395,7
1430425848.489726,7
1430425848.504102,7
1430425848.518811,6
1430425848.533416,7
1430425848.548514,7
1430425848.563340,9
1430425848.579012,6
1430425848.592909,8
1430425848.607703,6
1430425848.623478,6
1430425848.638107,6
1430425848.652445,8
1430425848.666783,6
1430425848.685336,6
1430425848.700281,7
1430425848.715456,6
1430425848.730581,8
1430425848.746705,8
1430425848.761900,8
1430425848.776533,7
1430425848.795022,7
1430425848.810171,6
1430425848.826323,7
1430425848.840824,6
1430425848.856320,6
1430425848.871234,8
1430425848.887128,8
1430425848.904556,7
1430425848.919745,7
1430425848.934524,7
1430425848.949423,6
1430425848.964075,7
1430425848.977909,7
1430425848.992683,8
1430425849.007039,6
1430425849.021567,5
1430425849.037122,8
1430425849.052640,7
1430425849.067891,5
1430425849.082250,8
1430425849.095944,7
1430425849.111120,5
1430425849.126270,8
1430425849.141600,5
1430425849.155781,8
1430425849.170156,5
1430425849.186229,6
1430425849.200978,8
1430425849.215852,6
1430425849.230061,7
1430425849.245342,6
1430425849.259960,6
1430425849.273839,7
1430425849.288068,6
1430425849.302046,7
1430425849.316269,4
1430425849.331183,6
1430425849.347947,8
1430425849.362846,5
1430425849.377078,6
1430425849.391589,6
1430425849.406083,4
1430425849.420781,7
1430425849.435343,7
1430425849.450458,6
1430425849.466490,4
1430425849.480921,8
1430425849.496426,6
1430425849.510745,6
1430425849.525070,6
1430425849.539419,5
1430425849.554531,8
1430425849.570176,7
1430425849.585386,6
1430425849.600401,7
1430425849.614289,6
1430425849.628699,6
1430425849.643825,8
1430425849.658141,7
1430425849.673135,6
1430425849.687746,6
1430425849.702700,6
1430425849.718919,6
1430425849.733435,5
1430425849.748063,6
1430425849.762574,4
1430425849.778768,8
1430425849.793246,6
1430425849.809709,6
1430425849.825704,8
1430425849.839847,6
1430425849.858056,6
1430425849.873721,6
1430425849.888860,8
1430425849.903925,6
1430425849.918643,6
1430425849.937899,6
1430425849.952926,7
1430425849.967863,5
1430425849.982108,8
1430425849.996524,4
1430425850.011988,7
1430425850.027777,8
1430425850.042987,6
1430425850.058731,8
1430425850.073746,6
1430425850.087900,6
1430425850.102998,6
1430425850.117542,8
1430425850.132804,5
1430425850.147016,6
1430425850.161251,5
1430425850.175530,8
1430425850.189890,6
1430425850.205923,6
1430425850.220250,4
1430425850.236640,6
1430425850.251570,7
1430425850.266060,6
1430425850.280366,7
1430425850.295868,6
1430425850.310765,7
1430425850.325927,8
1430425850.340449,6
1430425850.355712,7
1430425850.369596,6
1430425850.384315,7
1430425850.399659,8
1430425850.414540,5
1430425850.428589,7
1430425850.442830,6
1430425850.456822,7
1430425850.471148,6
1430425850.489903,7
1430425850.505527,5
1430425850.519706,8
1430425850.536542,5
1430425850.551952,7
1430425850.567093,6
1430425850.581097,5
1430425850.595975,7
1430425850.611113,7
1430425850.629082,6
1430425850.643061,6
1430425850.658415,8
1430425850.673815,6
1430425850.689130,6
1430425850.702613,7
1430425850.716997,7
1430425850.731596,7
1430425850.746488,7
1430425850.761236,6
1430425850.775667,7
1430425850.790338,8
1430425850.804143,6
1430425850.818886,6
1430425850.834286,6
1430425850.849331,6
1430425850.865181,6
1430425850.880622,8
1430425850.896001,5
1430425850.911127,8
1430425850.926297,5
1430425850.941684,7
1430425850.956044,8
1430425850.971022,6
1430425850.985144,7
1430425850.999588,6
1430425851.015273,7
1430425851.029085,9
1430425851.043429,6
1430425851.057613,8
1430425851.071900,7
1430425851.086402,6
1430425851.100672,8
1430425851.115338,8
1430425851.129356,5
1430425851.143992,6
1430425851.158243,5
1430425851.172893,6
1430425851.188440,8
1430425851.202899,5
1430425851.219115,8
1430425851.234152,6
1430425851.249539,8
1430425851.264245,6
1430425851.278432,5
1430425851.292785,8
1430425851.308459,7
1430425851.325117,6
1430425851.340046,7
1430425851.356392,7
1430425851.370973,6
1430425851.385580,7
1430425851.400201,6
1430425851.415943,7
1430425851.433202,6
1430425851.448981,6
1430425851.463917,6
1430425851.478288,8
1430425851.492987,6
1430425851.508709,7
1430425851.523065,6
1430425851.539073,5
1430425851.554553,4
1430425851.570839,6
1430425851.586167,7
1430425851.599977,4
1430425851.615279,6
1430425851.630013,7
1430425851.645224,6
1430425851.660112,7
1430425851.674692,6
1430425851.689384,7
1430425851.703503,7
1430425851.718877,6
1430425851.734874,7
1430425851.750068,6
1430425851.765254,7
1430425851.780207,4
1430425851.794478,8
1430425851.809411,6
1430425851.825964,6
1430425851.841105,5
1430425851.856253,7
1430425851.871165,8
1430425851.886471,6
1430425851.900473,6
1430425851.915584,6
1430425851.929797,6
1430425851.945842,7
1430425851.960273,6
1430425851.974500,6
1430425851.989941,6
1430425852.006172,8
1430425852.020882,8
1430425852.035470,6
1430425852.050715,7
1430425852.070752,7
1430425852.086618,6
1430425852.101461,7
1430425852.116056,5
1430425852.130772,7
1430425852.146452,7
1430425852.160774,4
1430425852.175688,8
1430425852.190450,6
1430425852.205880,7
1430425852.220331,4
1430425852.234796,8
1430425852.250544,6
1430425852.265497,7
1430425852.280768,6
1430425852.295443,6
1430425852.309679,6
1430425852.325375,8
1430425852.340795,5
1430425852.355389,8
1430425852.370271,7
1430425852.384687,6
1430425852.400907,6
1430425852.415093,5
1430425852.429931,6
1430425852.444058,7
1430425852.458890,6
1430425852.473921,6
1430425852.489335,8
1430425852.503014,6
1430425852.517260,6
1430425852.531423,8
1430425852.546282,6
1430425852.561056,6
1430425852.577260,9
1430425852.592614,6
1430425852.606897,9
1430425852.621539,8
1430425852.635498,7
1430425852.649732,8
1430425852.664634,9
1430425852.679612,9
1430425852.695891,8
1430425852.710189,8
1430425852.725823,9
1430425852.747988,9
1430425852.762436,9
1430425852.777322,8
1430425852.791287,8
1430425852.806321,9
1430425852.821636,8
1430425852.836149,8
1430425852.851261,8
1430425852.866178,8
1430425852.880643,8
1430425852.897962,9
1430425852.913433,8
1430425852.928527,8
1430425852.943598,9
1430425852.958705,9
1430425852.972487,9
1430425852.987404,9
1430425853.003025,8
1430425853.017530,9
1430425853.035172,8
1430425853.049512,8
1430425853.063623,9
1430425853.078038,9
1430425853.093534,9
1430425853.108605,8
1430425853.123959,8
1430425853.139426,7
1430425853.153992,8
1430425853.170776,8
1430425853.185382,7
1430425853.199828,8
1430425853.214249,8
1430425853.228685,8
1430425853.243437,7
1430425853.259036,8
1430425853.273735,9
1430425853.288692,8
1430425853.303750,9
1430425853.318860,7
1430425853.333956,8
1430425853.349585,7
1430425853.364584,9
1430425853.379831,8
1430425853.393972,8
1430425853.410343,8
1430425853.425854,8
1430425853.443730,7
1430425853.460372,10
1430425853.475194,8
1430425853.490295,8
1430425853.505047,8
1430425853.519833,8
1430425853.533829,8
1430425853.549108,7
1430425853.563383,8
1430425853.578821,9
1430425853.593869,8
1430425853.610439,8
1430425853.624834,8
1430425853.640692,8
1430425853.655489,7
1430425853.670765,8
1430425853.684946,8
1430425853.699740,7
1430425853.713869,8
1430425853.730343,8
1430425853.744144,8
1430425853.759070,7
1430425853.775384,8
1430425853.791077,8
1430425853.807114,8
1430425853.822438,8
1430425853.838612,6
1430425853.852880,8
1430425853.867683,9
1430425853.882107,8
1430425853.896857,7
1430425853.913392,7
1430425853.928203,8
1430425853.942637,8
1430425853.958175,8
1430425853.975473,7
1430425853.989536,7
1430425854.003899,8
1430425854.020354,7
1430425854.035017,8
1430425854.053402,8
1430425854.068476,8
1430425854.084130,9
1430425854.099622,9
1430425854.114420,9
1430425854.128728,8
1430425854.143138,6
1430425854.157818,7
1430425854.173833,9
1430425854.189585,8
1430425854.203654,8
1430425854.220187,9
1430425854.236361,7
1430425854.250716,9
1430425854.265811,8
1430425854.280626,8
1430425854.295602,8
1430425854.311367,8
1430425854.326738,7
1430425854.341653,8
1430425854.356411,8
1430425854.370320,7
1430425854.389363,8
1430425854.403432,8
1430425854.418388,8
1430425854.433097,8
1430425854.449415,7
1430425854.463508,7
1430425854.478890,9
1430425854.493184,6
1430425854.507556,8
1430425854.522636,7
1430425854.538343,7
1430425854.553001,7
1430425854.568698,7
1430425854.583947,6
1430425854.600510,8
1430425854.614518,6
1430425854.630155,7
1430425854.645073,8
1430425854.659157,8
1430425854.674118,7
1430425854.688962,6
1430425854.704042,6
1430425854.720144,18
1430425854.735086,20
1430425854.751290,24
1430425854.766623,28
1430425854.781022,31
1430425854.795781,35
1430425854.810518,37
1430425854.824588,34
1430425854.840164,32
1430425854.854194,30
1430425854.869921,29
1430425854.883995,28
1430425854.900045,24
1430425854.916486,22
1430425854.930811,21
1430425854.944588,19
1430425854.959763,16
1430425854.974260,14
1430425854.989656,13
1430425855.003900,16
1430425855.019356,13
1430425855.034148,14
1430425855.051063,13
1430425855.067096,12
1430425855.082407,12
1430425855.098056,13
1430425855.112584,14
1430425855.127160,13
1430425855.142307,13
1430425855.157381,12
1430425855.172256,12
1430425855.187070,12
1430425855.203129,13
1430425855.217610,13
1430425855.232184,12
1430425855.249595,12
1430425855.265913,12
1430425855.280839,13
1430425855.295025,15
1430425855.310003,13
1430425855.327068,13
1430425855.341192,11
1430425855.355817,9
1430425855.373361,11
1430425855.388661,12
1430425855.403019,13
1430425855.417292,12
1430425855.432912,12
1430425855.447395,11
1430425855.466270,12
1430425855.482778,14
1430425855.498096,12
1430425855.512929,10
1430425855.527607,10
1430425855.542059,11
1430425855.556454,11
1430425855.571088,13
1430425855.588502,9
1430425855.602684,10
1430425855.618153,10
1430425855.633390,11
1430425855.647477,11
1430425855.662778,11
1430425855.677628,10
1430425855.692298,8
1430425855.708356,11
1430425855.723474,10
1430425855.738190,10
1430425855.752570,10
1430425855.768093,9
1430425855.785559,8
1430425855.799518,11
1430425855.814527,9
1430425855.830317,10
1430425855.844521,10
1430425855.859772,9
1430425855.875558,9
1430425855.891363,11
1430425855.906272,8
1430425855.920878,8
1430425855.935459,10
1430425855.949953,10
1430425855.965133,10
1430425855.979456,9
1430425855.993936,9
1430425856.008102,10
1430425856.023589,10
1430425856.039983,10
1430425856.054439,9
1430425856.070378,8
1430425856.086701,9
1430425856.101592,9
1430425856.116963,9
1430425856.131358,9
1430425856.145882,9
1430425856.160836,9
1430425856.175250,9
1430425856.190481,10
1430425856.204591,11
1430425856.219921,10
1430425856.233904,12
1430425856.249147,9
1430425856.263768,10
1430425856.279363,11
1430425856.293455,12
1430425856.307953,13
1430425856.322527,10
1430425856.339005,11
1430425856.352935,12
1430425856.366989,11
1430425856.381529,12
1430425856.396860,12
1430425856.412215,12
1430425856.426531,12
1430425856.440912,13
1430425856.456092,12
1430425856.470600,10
1430425856.485145,12
1430425856.499512,11
1430425856.513782,11
1430425856.527570,10
1430425856.543127,13
1430425856.557237,12
1430425856.571722,13
1430425856.586348,12
1430425856.601904,11
1430425856.617634,10
1430425856.632183,10
1430425856.647472,12
1430425856.662500,12
1430425856.677400,11
1430425856.692718,12
1430425856.708613,9
1430425856.722955,11
1430425856.737785,12
1430425856.753052,10
1430425856.767839,10
1430425856.783001,9
1430425856.797993,10
1430425856.812191,13
1430425856.827356,12
1430425856.842078,10
1430425856.856743,10
1430425856.871753,10
1430425856.887392,11
1430425856.902663,12
1430425856.916896,10
1430425856.931965,10
1430425856.946577,8
1430425856.961205,10
1430425856.975963,12
1430425856.990931,13
1430425857.005560,10
1430425857.020569,9
1430425857.034616,10
1430425857.049639,12
1430425857.063858,10
1430425857.078832,11
1430425857.093783,9
1430425857.108247,8
1430425857.123350,11
1430425857.139739,13
1430425857.153792,10
1430425857.169395,11
1430425857.184330,9
1430425857.200325,11
1430425857.215405,12
1430425857.229914,12
1430425857.244302,11
1430425857.259919,9
1430425857.274528,10
1430425857.289043,11
1430425857.303786,11
1430425857.319407,11
1430425857.333489,11
1430425857.349190,10
1430425857.363609,11
1430425857.378605,12
1430425857.393667,11
1430425857.408484,11
1430425857.422648,9
1430425857.436648,8
1430425857.451608,11
1430425857.466909,11
1430425857.481184,11
1430425857.495903,9
1430425857.511056,8
1430425857.525289,12
1430425857.539986,12
1430425857.553766,13
1430425857.569673,11
1430425857.583969,10
1430425857.599763,10
1430425857.615668,12
1430425857.629892,13
1430425857.644270,11
1430425857.659188,12
1430425857.673339,9
1430425857.688477,12
1430425857.703921,12
1430425857.718701,11
1430425857.732613,11
1430425857.747516,9
1430425857.763860,12
1430425857.778812,11
1430425857.794026,11
1430425857.809355,10
1430425857.826527,10
1430425857.841371,9
1430425857.855863,12
1430425857.869857,13
1430425857.884200,12
1430425857.899395,12
1430425857.914082,9
1430425857.929326,10
1430425857.943750,11
1430425857.958237,11
1430425857.973458,12
1430425857.989398,11
1430425858.004040,11
1430425858.018787,8
1430425858.034291,11
1430425858.049763,12
1430425858.064097,12
1430425858.079367,10
1430425858.093794,10
1430425858.109182,10
1430425858.123289,11
1430425858.139748,10
1430425858.154383,10
1430425858.170211,11
1430425858.184713,10
1430425858.199768,12
1430425858.214726,12
1430425858.229381,12
1430425858.246551,9
1430425858.261185,12
1430425858.275485,11
1430425858.290151,11
1430425858.305894,12
1430425858.320027,9
1430425858.335493,10
1430425858.351494,9
1430425858.366363,10
1430425858.380607,12
1430425858.394444,10
1430425858.408665,9
1430425858.422804,11
1430425858.436814,11
1430425858.451279,12
1430425858.466044,12
1430425858.481126,10
1430425858.495234,11
1430425858.510276,11
1430425858.525434,12
1430425858.542388,13
1430425858.557662,11
1430425858.572385,11
1430425858.588975,10
1430425858.605397,10
1430425858.620802,11
1430425858.635118,10
1430425858.651130,11
1430425858.666528,11
1430425858.681254,10
1430425858.694904,11
1430425858.709004,9
1430425858.723365,9
1430425858.737761,12
1430425858.752856,11
1430425858.768798,9
1430425858.782940,10
1430425858.797352,10
1430425858.812269,13
1430425858.826954,11
1430425858.841163,10
1430425858.855614,11
1430425858.870241,11
1430425858.886686,11
1430425858.901104,12
1430425858.915650,10
1430425858.930093,10
1430425858.944607,10
1430425858.959166,10
1430425858.973043,11
1430425858.987803,10
1430425859.001980,10
1430425859.015979,9
1430425859.030666,9
1430425859.046018,10
1430425859.060478,11
1430425859.075081,11
1430425859.089046,9
1430425859.102972,8
1430425859.117216,10
1430425859.132389,11
1430425859.146908,12
1430425859.161447,11
1430425859.175697,9
1430425859.189920,10
1430425859.205322,12
1430425859.221014,12
1430425859.235793,11
1430425859.251656,9
1430425859.265942,9
1430425859.280944,9
1430425859.295930,10
1430425859.311015,12
1430425859.325182,9
1430425859.340725,8
1430425859.354570,11
1430425859.369516,12
1430425859.383972,12
1430425859.400050,9
1430425859.414242,12
1430425859.428809,10
1430425859.442654,8
1430425859.457067,11
1430425859.471624,11
1430425859.486240,10
1430425859.500727,9
1430425859.515045,11
1430425859.529079,10
1430425859.543405,12
1430425859.558829,10
1430425859.573038,11
1430425859.589333,9
1430425859.604072,10
1430425859.619836,12
1430425859.635099,11
1430425859.651072,11
1430425859.665232,8
1430425859.679534,9
1430425859.694258,12
1430425859.708343,12
1430425859.722684,10
1430425859.739861,11
1430425859.754030,10
1430425859.768836,12
1430425859.782953,11
1430425859.796892,12
1430425859.812565,11
1430425859.826825,9
1430425859.841094,10
1430425859.855665,12
1430425859.869885,13
1430425859.884074,11
1430425859.898015,11
1430425859.912900,10
1430425859.927005,9
1430425859.941369,10
1430425859.955201,11
1430425859.969828,12
1430425859.983983,9
1430425859.998751,10
1430425860.014260,11
1430425860.029481,12
1430425860.043630,13
1430425860.058432,11
1430425860.074624,10
1430425860.090032,8
1430425860.106468,12
1430425860.121062,12
1430425860.135896,12
1430425860.151161,11
1430425860.166766,9
1430425860.181083,10
1430425860.195835,13
1430425860.211432,12
1430425860.225786,13
1430425860.241170,10
1430425860.255891,10
1430425860.270212,8
1430425860.285839,12
1430425860.300788,12
1430425860.315193,12
1430425860.329215,9
1430425860.345076,10
1430425860.360448,9
1430425860.376335,10
1430425860.391536,10
1430425860.407535,10
1430425860.422711,8
1430425860.436999,8
1430425860.452898,10
1430425860.467078,10
1430425860.482624,9
1430425860.497631,9
1430425860.512474,6
1430425860.529123,8
1430425860.545038,11
1430425860.559869,8
1430425860.573902,11
1430425860.589859,7
1430425860.605981,8
1430425860.620843,10
1430425860.636557,10
1430425860.653768,10
1430425860.670299,10
1430425860.685492,8
1430425860.703200,12
1430425860.718745,10
1430425860.732795,10
1430425860.750140,8
1430425860.766093,9
1430425860.780588,9
1430425860.798187,11
1430425860.813104,8
1430425860.827392,8
1430425860.843638,9
1430425860.859045,10
1430425860.874020,11
1430425860.889011,9
1430425860.906391,9
1430425860.922193,7
1430425860.937540,12
1430425860.953085,8
1430425860.969216,9
1430425860.986010,10
1430425861.001387,8
1430425861.016897,9
1430425861.031069,10
1430425861.045648,9
1430425861.060016,8
1430425861.074678,9
1430425861.089848,9
1430425861.103828,9
1430425861.119647,9
1430425861.134003,10
1430425861.148953,9
1430425861.165489,7
1430425861.180441,11
1430425861.195660,8
1430425861.209537,9
1430425861.225495,9
1430425861.240135,8
1430425861.254259,11
1430425861.269193,9
1430425861.283875,10
1430425861.299091,10
1430425861.313838,9
1430425861.329567,9
1430425861.343613,8
1430425861.359447,10
1430425861.373925,11
1430425861.388238,10
1430425861.403050,9
1430425861.418721,10
1430425861.432963,11
1430425861.447492,11
1430425861.463115,10
1430425861.477722,10
1430425861.493284,9
1430425861.508890,8
1430425861.524552,10
1430425861.540649,10
1430425861.555280,9
1430425861.569701,9
1430425861.584083,9
1430425861.600439,11
1430425861.615356,11
1430425861.630116,9
1430425861.645147,8
1430425861.659782,9
1430425861.673834,10
1430425861.690435,10
1430425861.704448,11
1430425861.718674,10
1430425861.734329,11
1430425861.749917,11
1430425861.763963,11
1430425861.779146,12
1430425861.794628,9
1430425861.809770,10
1430425861.825291,10
1430425861.840686,12
1430425861.855326,11
1430425861.869963,10
1430425861.886411,10
1430425861.901580,10
1430425861.916266,11
1430425861.931388,10
1430425861.946599,9
1430425861.961517,12
1430425861.977040,10
1430425861.992393,9
1430425862.006896,10
1430425862.021756,12
1430425862.036967,10
1430425862.051027,10
1430425862.065930,11
1430425862.079825,12
1430425862.093970,10
1430425862.109287,9
1430425862.124945,10
1430425862.140509,12
1430425862.155303,11
1430425862.170663,12
1430425862.185736,8
1430425862.200914,11
1430425862.216849,12
1430425862.231496,10
1430425862.247722,11
1430425862.262539,10
1430425862.278267,10
1430425862.295677,12
1430425862.310210,11
1430425862.326176,10
1430425862.340246,10
1430425862.355929,10
1430425862.370864,10
1430425862.384881,12
1430425862.399779,9
1430425862.414618,10
1430425862.429123,11
1430425862.443564,11
1430425862.458005,11
1430425862.472470,11
1430425862.490454,13
1430425862.509301,11
1430425862.525330,9
1430425862.540181,11
1430425862.555105,11
1430425862.570432,11
1430425862.586168,11
1430425862.601378,11
1430425862.615596,9
1430425862.633879,12
1430425862.648347,12
1430425862.662711,9
1430425862.677683,9
1430425862.691938,12
1430425862.706931,13
1430425862.721491,10
1430425862.738294,11
1430425862.754053,10
1430425862.768799,11
1430425862.784184,12
1430425862.798158,12
1430425862.812153,8
1430425862.827579,11
1430425862.841923,13
1430425862.856758,11
1430425862.872283,10
1430425862.886824,8
1430425862.901235,11
1430425862.915212,11
1430425862.929782,11
1430425862.943393,11
1430425862.959900,14
1430425862.975430,10
1430425862.990635,12
1430425863.006354,8
1430425863.024592,9
1430425863.040430,12
1430425863.055276,10
1430425863.070826,11
1430425863.085359,11
1430425863.100548,10
1430425863.115897,11
1430425863.130558,10
1430425863.146152,10
1430425863.160773,11
1430425863.175878,9
1430425863.190800,12
1430425863.205432,13
1430425863.219830,10
1430425863.234126,10
1430425863.248891,9
1430425863.265920,10
1430425863.279855,12
1430425863.295962,11
1430425863.311531,11
1430425863.326390,10
1430425863.340696,12
1430425863.354894,12
1430425863.370378,12
1430425863.385899,11
1430425863.400620,11
1430425863.416245,10
1430425863.430520,10
1430425863.445863,12
1430425863.460153,11
1430425863.475196,12
1430425863.489572,9
1430425863.503817,11
1430425863.518843,10
1430425863.535989,13
1430425863.550001,12
1430425863.565202,11
1430425863.581805,10
1430425863.596569,10
1430425863.612323,12
1430425863.627995,11
1430425863.642465,11
1430425863.656862,9
1430425863.670882,10
1430425863.687058,10
1430425863.701417,11
1430425863.717322,9
1430425863.732597,8
1430425863.747848,10
1430425863.762483,9
1430425863.777237,11
1430425863.792551,11
1430425863.807398,11
1430425863.826428,9
1430425863.840453,9
1430425863.856252,10
1430425863.870164,10
1430425863.885900,9
1430425863.900268,10
1430425863.916495,10
1430425863.931484,8
1430425863.946623,10
1430425863.962352,13
1430425863.976645,8
1430425863.992149,9
1430425864.006654,9
1430425864.022848,10
1430425864.038139,11
1430425864.053442,10
1430425864.070564,11
1430425864.087759,11
1430425864.103455,11
1430425864.118337,10
1430425864.133963,8
1430425864.150499,12
1430425864.165940,7
1430425864.181774,10
1430425864.196676,8
1430425864.212310,8
1430425864.227948,9
1430425864.243270,8
1430425864.257126,11
1430425864.271736,8
1430425864.286913,9
1430425864.301112,10
1430425864.315858,8
1430425864.331375,11
1430425864.345547,8
1430425864.360295,10
1430425864.374656,10
1430425864.390998,8
1430425864.405936,9
1430425864.420955,8
1430425864.435474,9
1430425864.449405,10
1430425864.464084,7
1430425864.478313,9
1430425864.493092,8
1430425864.507011,9
1430425864.521926,8
1430425864.537803,7
1430425864.551974,10
1430425864.567009,8
1430425864.582604,11
1430425864.596999,8
1430425864.611028,8
1430425864.625941,9
1430425864.640709,9
1430425864.655266,10
1430425864.670384,10
1430425864.684455,11
1430425864.698945,9
1430425864.713109,9
1430425864.728887,8
1430425864.743504,11
1430425864.760265,11
1430425864.774511,10
1430425864.789954,8
1430425864.804637,8
1430425864.820469,13
1430425864.835364,12
1430425864.849678,9
1430425864.863968,9
1430425864.878099,11
1430425864.892439,12
1430425864.907084,11
1430425864.922829,9
1430425864.937886,10
1430425864.953142,9
1430425864.968219,13
1430425864.982990,11
1430425864.997356,11
1430425865.011876,10
1430425865.027141,7
1430425865.041573,11
1430425865.057353,12
1430425865.071868,12
1430425865.088293,12
1430425865.104689,10
1430425865.119435,8
1430425865.133702,12
1430425865.148768,12
1430425865.163597,10
1430425865.179242,10
1430425865.194393,8
1430425865.209218,11
1430425865.224204,12
1430425865.238710,12
1430425865.254292,11
1430425865.268787,11
1430425865.283950,11
1430425865.299073,11
1430425865.314575,11
1430425865.329554,10
1430425865.344377,13
1430425865.359880,9
1430425865.373893,10
1430425865.388682,12
1430425865.402796,12
1430425865.417956,10
1430425865.433003,9
1430425865.447445,8
1430425865.462589,9
1430425865.477939,11
1430425865.491676,12
1430425865.505636,10
1430425865.519827,11
1430425865.533718,9
1430425865.549487,12
1430425865.564525,12
1430425865.580107,12
1430425865.594836,10
1430425865.609382,10
1430425865.624200,10
1430425865.639058,9
1430425865.654021,11
1430425865.669387,11
1430425865.683581,10
1430425865.699379,9
1430425865.715725,12
1430425865.730331,10
1430425865.745302,11
1430425865.760459,11
1430425865.775825,9
1430425865.790272,10
1430425865.804091,11
1430425865.819815,11
1430425865.836555,12
1430425865.851011,9
1430425865.865836,11
1430425865.881322,12
1430425865.896000,11
1430425865.912668,13
1430425865.927186,12
1430425865.944487,11
1430425865.960149,11
1430425865.976487,11
1430425865.990826,10
1430425866.007058,13
1430425866.021558,11
1430425866.039266,8
1430425866.053369,11
1430425866.068691,12
1430425866.084273,12
1430425866.105298,12
1430425866.121317,8
1430425866.135546,10
1430425866.150135,11
1430425866.164233,10
1430425866.178491,10
1430425866.193304,9
1430425866.208231,9
1430425866.223694,10
1430425866.239807,11
1430425866.254459,11
1430425866.270181,9
1430425866.284623,8
1430425866.299911,10
1430425866.314145,10
1430425866.328643,10
1430425866.343027,10
1430425866.357912,9
1430425866.372588,11
1430425866.386405,11
1430425866.400595,10
1430425866.415795,9
1430425866.430249,8
1430425866.449798,8
1430425866.466088,11
1430425866.480010,9
1430425866.495902,9
1430425866.510862,10
1430425866.525637,9
1430425866.541079,9
1430425866.557245,12
1430425866.571908,7
1430425866.587108,8
1430425866.602123,9
1430425866.616670,10
1430425866.630472,11
1430425866.646353,9
1430425866.661899,10
1430425866.676206,9
1430425866.691260,10
1430425866.706870,10
1430425866.720955,10
1430425866.735927,10
1430425866.750412,9
1430425866.764592,11
1430425866.779743,8
1430425866.794361,10
1430425866.808811,9
1430425866.824325,10
1430425866.839317,10
1430425866.857350,12
1430425866.873118,11
1430425866.888958,9
1430425866.902888,11
1430425866.917367,10
1430425866.932538,10
1430425866.946709,11
1430425866.960685,10
1430425866.978737,10
1430425866.993603,10
1430425867.009830,10
1430425867.024503,12
1430425867.039635,10
1430425867.053975,10
1430425867.068185,11
1430425867.082342,11
1430425867.097904,11
1430425867.113050,12
1430425867.128460,12
1430425867.142560,8
1430425867.156759,9
1430425867.172555,10
1430425867.188163,14
1430425867.203098,10
1430425867.218333,10
1430425867.233195,12
1430425867.247430,9
1430425867.264293,11
1430425867.279684,11
1430425867.294846,11
1430425867.309205,12
1430425867.323762,9
1430425867.338466,10
1430425867.352652,13
1430425867.367684,12
1430425867.381866,8
1430425867.396376,10
1430425867.411575,10
1430425867.428497,10
1430425867.443901,11
1430425867.460208,11
1430425867.474559,11
1430425867.489741,10
1430425867.504625,10
1430425867.519218,11
1430425867.532469,12
1430425867.547699,10
1430425867.561985,11
1430425867.576437,11
1430425867.590788,11
1430425867.605947,11
1430425867.621271,11
1430425867.636114,10
1430425867.652029,12
1430425867.666325,11
1430425867.680696,12
1430425867.695174,9
1430425867.710124,11
1430425867.725524,10
1430425867.739911,10
1430425867.754191,10
1430425867.768436,10
1430425867.782508,10
1430425867.796674,10
1430425867.811548,10
1430425867.828493,10
1430425867.846486,10
1430425867.862993,11
1430425867.877603,12
1430425867.891868,11
1430425867.906475,11
1430425867.920412,10
1430425867.934539,9
1430425867.950120,10
1430425867.964434,10
1430425867.978535,11
1430425867.993775,11
1430425868.007779,11
1430425868.022746,9
1430425868.037240,11
1430425868.052671,11
1430425868.069079,11
1430425868.083626,10
1430425868.099091,10
1430425868.114155,10
1430425868.129855,10
1430425868.144313,11
1430425868.159590,13
1430425868.174130,11
1430425868.189570,8
1430425868.203702,12
1430425868.217577,12
1430425868.232129,10
1430425868.246476,11
1430425868.261588,9
1430425868.275617,9
1430425868.290104,10
1430425868.304363,10
1430425868.318656,10
1430425868.333095,10
1430425868.348505,9
1430425868.362905,9
1430425868.377371,11
1430425868.392663,10
1430425868.407359,9
1430425868.422949,7
1430425868.437679,11
1430425868.452422,12
1430425868.467230,10
1430425868.482592,9
1430425868.496943,8
1430425868.510977,9
1430425868.525669,9
1430425868.540498,11
1430425868.554721,10
1430425868.569590,8
1430425868.584430,9
1430425868.601298,10
1430425868.615375,9
1430425868.630177,10
1430425868.644292,11
1430425868.659420,8
1430425868.673926,9
1430425868.688487,13
1430425868.702747,10
1430425868.718205,10
1430425868.732815,8
1430425868.746806,9
1430425868.761651,9
1430425868.776736,13
1430425868.791672,14
1430425868.806780,10
1430425868.820952,8
1430425868.834948,8
1430425868.849784,9
1430425868.864037,10
1430425868.879607,10
1430425868.893877,8
1430425868.909339,8
1430425868.924250,10
1430425868.938755,11
1430425868.953904,10
1430425868.970420,10
1430425868.984595,9
1430425869.000542,9
1430425869.015032,12
1430425869.029171,11
1430425869.045401,11
1430425869.059612,12
1430425869.073960,10
1430425869.088482,10
1430425869.103819,12
1430425869.119179,11
1430425869.133620,12
1430425869.149398,11
1430425869.164473,10
1430425869.179208,13
1430425869.193708,11
1430425869.207916,11
1430425869.223334,13
1430425869.239548,9
1430425869.253825,10
1430425869.268322,12
1430425869.283370,11
1430425869.297377,14
1430425869.311547,9
1430425869.327050,11
1430425869.344099,10
1430425869.358862,13
1430425869.373668,13
1430425869.388807,10
1430425869.403059,11
1430425869.417605,9
1430425869.432358,11
1430425869.446809,9
1430425869.461951,11
1430425869.477079,10
1430425869.492721,9
1430425869.508948,11
1430425869.524328,12
1430425869.539928,11
1430425869.554530,11
1430425869.571568,11
1430425869.585904,9
1430425869.601059,9
1430425869.615060,12
1430425869.629191,11
1430425869.643217,11
1430425869.658679,10
1430425869.673967,10
1430425869.688920,11
1430425869.703203,11
1430425869.717726,13
1430425869.731915,11
1430425869.746200,8
1430425869.761590,10
1430425869.776270,12
1430425869.790448,12
1430425869.805588,13
1430425869.820341,11
1430425869.835354,11
1430425869.851183,11
1430425869.866217,11
1430425869.881135,11
1430425869.896073,12
1430425869.910487,10
1430425869.926127,12
1430425869.941914,10
1430425869.956179,11
1430425869.973997,12
1430425869.988646,13
1430425870.002833,9
1430425870.017497,11
1430425870.031390,10
1430425870.046162,10
1430425870.061847,10
1430425870.076484,11
1430425870.091000,9
1430425870.109586,14
1430425870.123855,10
1430425870.139828,11
1430425870.157335,8
1430425870.172588,11
1430425870.186868,12
1430425870.200874,13
1430425870.216613,9
1430425870.231964,12
1430425870.247416,9
1430425870.263336,9
1430425870.277711,8
1430425870.292513,10
1430425870.309189,11
1430425870.323670,11
1430425870.339342,10
1430425870.354179,6
1430425870.370072,7
1430425870.384160,11
1430425870.398622,11
1430425870.413689,9
1430425870.428180,10
1430425870.442989,9
1430425870.457695,8
1430425870.472996,10
1430425870.488752,8
1430425870.503196,8
1430425870.518784,8
1430425870.533025,9
1430425870.549097,11
1430425870.563308,8
1430425870.577798,10
1430425870.593581,7
1430425870.609682,8
1430425870.624012,10
1430425870.639131,10
1430425870.653396,8
1430425870.668414,7
1430425870.684024,9
1430425870.698290,11
1430425870.712381,10
1430425870.726354,8
1430425870.740746,8
1430425870.755935,8
1430425870.770558,8
1430425870.785088,10
1430425870.799591,9
1430425870.814093,10
1430425870.828771,8
1430425870.843221,8
1430425870.859355,11
1430425870.874260,8
1430425870.889219,8
1430425870.904612,8
1430425870.920145,7
1430425870.934265,11
1430425870.948558,11
1430425870.963657,10
1430425870.979207,9
1430425870.993118,13
1430425871.008119,11
1430425871.022268,11
1430425871.037116,10
1430425871.051611,10
1430425871.068024,11
1430425871.082782,9
1430425871.097808,10
1430425871.113023,10
1430425871.127728,9
1430425871.143234,7
1430425871.158115,9
1430425871.172499,11
1430425871.187263,11
1430425871.201780,10
1430425871.216058,9
1430425871.231981,9
1430425871.247015,10
1430425871.261861,9
1430425871.278580,11
1430425871.293562,9
1430425871.308039,9
1430425871.323585,9
1430425871.337923,10
1430425871.354111,9
1430425871.368855,9
1430425871.382500,9
1430425871.397231,10
1430425871.411994,11
1430425871.427733,9
1430425871.441838,11
1430425871.456338,10
1430425871.472909,10
1430425871.490260,10
1430425871.504646,11
1430425871.520363,11
1430425871.534640,8
1430425871.549415,10
1430425871.565780,9
1430425871.580579,9
1430425871.598910,12
1430425871.614127,10
1430425871.630081,9
1430425871.645266,9
1430425871.662132,11
1430425871.676567,9
1430425871.692121,13
1430425871.707700,10
1430425871.723662,8
1430425871.739419,11
1430425871.754282,11
1430425871.768503,10
1430425871.783109,11
1430425871.798913,10
1430425871.813831,10
1430425871.828448,9
1430425871.842255,11
1430425871.857857,11
1430425871.872934,10
1430425871.889000,8
1430425871.903728,9
1430425871.918516,8
1430425871.934772,9
1430425871.950058,10
1430425871.964386,10
1430425871.978745,10
1430425871.992697,8
1430425872.007113,11
1430425872.021108,10
1430425872.036146,10
1430425872.050603,9
1430425872.065456,9
1430425872.079833,12
1430425872.093902,10
1430425872.109737,10
1430425872.124152,9
1430425872.140551,9
1430425872.154651,10
1430425872.169467,11
1430425872.183731,10
1430425872.199113,9
1430425872.213231,12
1430425872.227459,10
1430425872.242608,11
1430425872.257060,12
1430425872.272403,9
1430425872.288656,10
1430425872.304029,9
1430425872.319134,12
1430425872.334500,11
1430425872.350851,10
1430425872.366239,12
1430425872.381407,9
1430425872.397191,10
1430425872.411372,11
1430425872.426564,11
1430425872.441655,10
1430425872.457039,11
1430425872.472447,9
1430425872.487199,14
1430425872.502887,11
1430425872.517534,12
1430425872.531906,11
1430425872.546016,10
1430425872.561063,10
1430425872.575749,11
1430425872.589967,12
1430425872.605162,12
1430425872.619505,12
1430425872.633812,12
1430425872.649089,13
1430425872.664152,11
1430425872.680225,12
1430425872.695212,13
1430425872.709973,11
1430425872.724330,12
1430425872.738780,13
1430425872.753424,12
1430425872.767395,10
1430425872.785347,15
1430425872.799685,13
1430425872.815090,11
1430425872.831360,12
1430425872.845731,11
1430425872.860507,11
1430425872.876216,14
1430425872.890739,11
1430425872.905812,10
1430425872.920088,11
1430425872.934917,12
1430425872.949849,12
1430425872.965393,10
1430425872.980607,10
1430425872.994845,12
1430425873.009157,10
1430425873.023745,9
1430425873.037813,10
1430425873.052142,9
1430425873.068842,8
1430425873.083712,9
1430425873.099988,11
1430425873.114979,10
1430425873.129210,7
1430425873.143816,9
1430425873.158430,8
1430425873.172751,11
1430425873.187938,9
1430425873.202132,8
1430425873.216376,8
1430425873.231444,7
1430425873.246287,8
1430425873.261492,9
1430425873.276806,8
1430425873.291820,9
1430425873.307057,7
1430425873.322050,10
1430425873.338535,10
1430425873.353088,10
1430425873.369548,8
1430425873.384591,9
1430425873.399803,8
1430425873.413934,10
1430425873.428434,9
1430425873.443866,10
1430425873.458495,9
1430425873.472869,8
1430425873.487794,8
1430425873.503108,10
1430425873.518126,10
1430425873.533010,9
1430425873.547842,9
1430425873.561806,10
1430425873.576638,9
1430425873.591271,9
1430425873.606475,11
1430425873.620780,8
1430425873.635466,10
1430425873.651227,7
1430425873.666177,10
1430425873.681730,10
1430425873.696044,8
1430425873.710186,10
1430425873.726067,9
1430425873.740318,9
1430425873.755243,8
1430425873.769479,8
1430425873.783667,9
1430425873.798572,9
1430425873.813469,9
1430425873.829034,11
1430425873.843838,11
1430425873.858662,10
1430425873.872718,10
1430425873.886937,9
1430425873.901910,10
1430425873.916453,11
1430425873.931238,10
1430425873.946006,12
1430425873.961754,10
1430425873.976461,11
1430425873.991657,11
1430425874.006502,11
1430425874.020931,10
1430425874.035372,10
1430425874.050765,8
1430425874.064975,9
1430425874.079858,12
1430425874.095293,11
1430425874.109835,12
1430425874.124335,9
1430425874.139040,10
1430425874.153146,11
1430425874.168382,11
1430425874.182315,10
1430425874.196805,10
1430425874.211507,9
1430425874.226975,9
1430425874.242425,11
1430425874.256585,12
1430425874.271441,10
1430425874.285854,10
1430425874.300704,10
1430425874.315178,11
1430425874.329093,11
1430425874.343186,11
1430425874.357672,10
1430425874.372434,9
1430425874.388139,11
1430425874.402657,13
1430425874.417649,11
1430425874.433102,9
1430425874.447510,8
1430425874.462089,9
1430425874.476794,10
1430425874.491170,11
1430425874.505612,11
1430425874.519621,10
1430425874.534284,10
1430425874.550106,11
1430425874.565016,12
1430425874.580470,12
1430425874.594531,12
1430425874.609321,9
1430425874.623272,11
1430425874.638964,11
1430425874.653583,11
1430425874.668204,11
1430425874.682424,10
1430425874.697464,10
1430425874.712615,10
1430425874.727340,13
1430425874.741517,11
1430425874.756301,11
1430425874.771478,9
1430425874.786018,9
1430425874.799937,11
1430425874.815409,11
1430425874.830793,12
1430425874.847073,11
1430425874.862312,8
1430425874.877371,10
1430425874.891853,10
1430425874.906338,13
1430425874.921907,10
1430425874.937097,9
1430425874.952455,9
1430425874.967250,11
1430425874.981924,13
1430425874.998685,12
1430425875.013197,10
1430425875.027337,8
1430425875.042401,11
1430425875.056760,6
1430425875.072277,4
1430425875.087620,6
1430425875.103405,5
1430425875.117993,5
1430425875.131940,6
1430425875.146675,3
1430425875.161391,4
1430425875.176482,6
1430425875.191241,5
1430425875.206441,4
1430425875.222864,6
1430425875.237148,5
1430425875.252005,2
1430425875.267857,6
1430425875.286605,6
1430425875.302255,4
1430425875.318430,6
1430425875.334499,6
1430425875.349522,5
1430425875.364892,7
1430425875.379551,4
1430425875.395034,7
1430425875.409788,6
1430425875.423687,5
1430425875.438496,6
1430425875.453145,6
1430425875.470729,5
1430425875.485194,6
1430425875.499634,7
1430425875.513350,4
1430425875.528793,7
1430425875.543813,5
1430425875.559509,6
1430425875.575777,7
1430425875.591129,4
1430425875.605906,7
1430425875.621861,5
1430425875.637814,4
1430425875.651853,5
1430425875.666256,4
1430425875.680318,6
1430425875.695689,7
1430425875.710217,5
1430425875.724545,7
1430425875.741521,6
1430425875.756103,6
1430425875.770207,6
1430425875.784678,6
1430425875.799983,7
1430425875.814061,6
1430425875.828802,6
1430425875.843991,6
1430425875.859618,7
1430425875.874660,6
1430425875.889031,7
1430425875.905743,6
1430425875.920825,7
1430425875.935318,6
1430425875.949560,6
1430425875.966273,7
1430425875.980871,6
1430425875.995913,6
1430425876.010148,6
1430425876.024579,6
1430425876.039618,7
1430425876.055404,6
1430425876.069746,6
1430425876.084181,5
1430425876.099285,5
1430425876.114462,8
1430425876.129227,6
1430425876.145554,7
1430425876.160046,5
1430425876.176028,8
1430425876.191733,8
1430425876.206309,4
1430425876.221899,8
1430425876.236339,7
1430425876.250946,4
1430425876.265926,7
1430425876.280069,7
1430425876.294087,7
1430425876.308313,8
1430425876.322899,6
1430425876.338235,9
1430425876.352487,7
1430425876.366494,7
1430425876.380516,8
1430425876.396099,6
1430425876.410264,8
1430425876.425183,7
1430425876.439682,8
1430425876.453538,7
1430425876.468341,8
1430425876.483568,7
1430425876.500830,7
1430425876.515937,8
1430425876.530275,6
1430425876.544986,7
1430425876.564219,7
1430425876.579510,8
1430425876.593532,7
1430425876.608576,7
1430425876.623240,7
1430425876.638003,8
1430425876.652951,8
1430425876.668470,6
1430425876.684095,6
1430425876.698705,8
1430425876.715493,7
1430425876.730466,8
1430425876.745507,7
1430425876.760383,8
1430425876.775333,8
1430425876.790230,7
1430425876.808196,8
1430425876.823933,8
1430425876.838769,6
1430425876.857463,7
1430425876.872548,8
1430425876.887577,8
1430425876.902570,7
1430425876.919431,7
1430425876.933519,7
1430425876.950416,6
1430425876.965471,9
1430425876.979565,7
1430425876.994035,8
1430425877.008517,7
1430425877.024094,6
1430425877.039278,8
1430425877.053361,7
1430425877.068868,6
1430425877.082958,7
1430425877.098967,8
1430425877.113775,8
1430425877.129709,6
1430425877.144046,6
1430425877.158336,8
1430425877.172889,8
1430425877.188771,6
1430425877.203064,7
1430425877.217476,5
1430425877.233565,6
1430425877.247989,9
1430425877.263148,8
1430425877.278809,8
1430425877.292535,8
1430425877.307206,8
1430425877.321412,9
1430425877.336164,6
1430425877.351171,7
1430425877.367045,9
1430425877.382658,7
1430425877.398961,8
1430425877.415373,7
1430425877.429685,9
1430425877.446326,8
1430425877.461352,8
1430425877.475760,8
1430425877.489452,8
1430425877.504561,8
1430425877.518964,8
1430425877.533880,8
1430425877.549111,8
1430425877.563497,9
1430425877.578658,8
1430425877.595873,10
1430425877.611080,9
1430425877.626157,9
1430425877.640822,9
1430425877.656610,9
1430425877.672733,8
1430425877.686860,9
1430425877.701200,11
1430425877.715951,9
1430425877.730447,9
1430425877.744289,9
1430425877.761403,9
1430425877.776003,10
1430425877.798492,10
1430425877.813435,9
1430425877.829200,9
1430425877.843358,9
1430425877.858819,9
1430425877.874590,8
1430425877.892317,8
1430425877.906599,9
1430425877.921900,9
1430425877.936192,8
1430425877.950835,8
1430425877.965136,8
1430425877.979352,8
1430425877.993470,9
1430425878.008856,9
1430425878.023547,9
1430425878.037866,8
1430425878.053338,8
1430425878.067983,9
1430425878.082771,9
1430425878.097612,8
1430425878.112290,8
1430425878.126156,8
1430425878.140469,8
1430425878.155123,9
1430425878.169496,7
1430425878.183931,8
1430425878.199450,8
1430425878.213876,9
1430425878.227750,9
1430425878.243035,7
1430425878.257332,8
1430425878.271797,9
1430425878.286578,8
1430425878.301166,9
1430425878.315572,8
1430425878.329817,7
1430425878.344249,9
1430425878.359208,8
1430425878.373093,8
1430425878.388330,8
1430425878.402901,8
1430425878.417248,9
1430425878.432416,8
1430425878.447680,9
1430425878.462297,9
1430425878.476625,8
1430425878.491975,8
1430425878.510966,8
1430425878.526846,8
1430425878.541023,9
1430425878.555941,8
1430425878.571053,9
1430425878.587179,8
1430425878.601722,8
1430425878.619361,8
1430425878.635224,8
1430425878.650223,8
1430425878.664074,7
1430425878.678820,9
1430425878.693715,8
1430425878.709208,8
1430425878.723363,8
1430425878.737990,8
1430425878.752533,9
1430425878.767318,8
1430425878.782028,8
1430425878.797610,9
1430425878.812706,8
1430425878.826977,8
1430425878.841284,7
1430425878.857477,8
1430425878.871880,9
1430425878.888160,8
1430425878.903542,9
1430425878.918511,8
1430425878.933061,8
1430425878.947759,8
1430425878.962743,8
1430425878.979004,9
1430425878.992742,7
1430425879.006758,7
1430425879.023181,7
1430425879.039401,9
1430425879.053071,9
1430425879.068077,8
1430425879.083187,8
1430425879.102174,8
1430425879.117270,8
1430425879.132123,9
1430425879.154290,9
1430425879.169978,8
1430425879.184534,8
1430425879.200235,8
1430425879.213965,9
1430425879.229165,6
1430425879.243717,8
1430425879.259247,8
1430425879.273749,9
1430425879.289454,9
1430425879.303702,8
1430425879.319004,8
1430425879.333468,8
1430425879.348619,9
1430425879.363539,7
1430425879.378781,8
1430425879.393134,9
1430425879.408182,7
1430425879.423035,9
1430425879.437337,6
1430425879.452447,9
1430425879.466262,8
1430425879.480751,8
1430425879.495928,8
1430425879.510725,8
1430425879.527330,6
1430425879.541874,9
1430425879.558400,9
1430425879.572914,9
1430425879.589598,8
1430425879.604720,9
1430425879.620809,8
1430425879.635279,9
1430425879.655569,8
1430425879.671396,10
1430425879.686391,8
1430425879.701132,9
1430425879.715475,9
1430425879.730669,9
1430425879.744978,8
1430425879.760119,6
1430425879.775401,8
1430425879.790912,9
1430425879.806787,8
1430425879.822061,8
1430425879.836735,8
1430425879.850708,8
1430425879.865766,8
1430425879.880586,7
1430425879.895908,9
1430425879.909760,7
1430425879.924426,7
1430425879.939915,6
1430425879.953980,8
1430425879.969370,8
1430425879.983818,8
1430425879.999352,9
1430425880.014357,5
1430425880.028488,7
1430425880.043547,8
1430425880.058818,8
1430425880.073025,8
1430425880.088161,6
1430425880.102860,9
1430425880.117283,7
1430425880.131951,7
1430425880.146553,9
1430425880.160810,6
1430425880.174916,9
1430425880.189573,8
1430425880.204161,7
1430425880.219762,8
1430425880.234144,6
1430425880.248851,6
1430425880.262347,8
1430425880.276881,6
1430425880.291338,8
1430425880.305597,7
1430425880.319988,8
1430425880.335322,8
1430425880.350936,7
1430425880.365289,6
1430425880.380969,7
1430425880.395553,8
1430425880.409641,9
1430425880.424928,7
1430425880.441031,8
1430425880.458464,6
1430425880.473573,8
1430425880.494144,8
1430425880.511854,7
1430425880.526241,6
1430425880.540052,8
1430425880.554138,8
1430425880.570262,8
1430425880.584530,8
1430425880.599624,7
1430425880.613506,7
1430425880.628717,7
1430425880.643647,8
1430425880.659736,7
1430425880.676359,7
1430425880.690100,6
1430425880.704727,6
1430425880.719425,8
1430425880.735236,8
1430425880.749709,7
1430425880.764925,8
1430425880.779160,7
1430425880.793627,8
1430425880.809182,8
1430425880.824007,7
1430425880.838934,6
1430425880.853517,8
1430425880.869199,9
1430425880.883282,7
1430425880.898875,8
1430425880.914619,7
1430425880.928716,6
1430425880.942878,9
1430425880.957309,5
1430425880.971304,8
1430425880.985388,7
1430425881.000655,8
1430425881.015873,8
1430425881.030414,7
1430425881.045655,8
1430425881.059966,6
1430425881.075189,9
1430425881.090198,8
1430425881.104676,8
1430425881.120597,6
1430425881.135472,8
1430425881.149541,6
1430425881.164613,7
1430425881.178746,8
1430425881.194233,8
1430425881.209527,7
1430425881.225104,7
1430425881.239863,8
1430425881.254374,8
1430425881.270092,7
1430425881.284401,8
1430425881.299734,6
1430425881.313934,6
1430425881.328771,8
1430425881.343453,8
1430425881.359560,8
1430425881.373910,6
1430425881.388877,6
1430425881.402747,9
1430425881.418257,6
1430425881.432826,8
1430425881.447756,7
1430425881.462804,6
1430425881.478122,9
1430425881.492367,7
1430425881.506893,7
1430425881.522046,9
1430425881.537047,8
1430425881.551468,9
1430425881.569085,6
1430425881.583326,6
1430425881.599636,7
1430425881.613462,7
1430425881.628218,8
1430425881.642020,7
1430425881.656704,8
1430425881.671030,7
1430425881.685666,7
1430425881.700794,7
1430425881.715231,7
1430425881.729706,6
1430425881.745044,8
1430425881.760848,7
1430425881.775853,8
1430425881.790801,7
1430425881.805714,6
1430425881.820984,9
1430425881.835794,8
1430425881.852153,7
1430425881.867273,7
1430425881.882120,7
1430425881.898040,8
1430425881.913408,9
1430425881.927559,9
1430425881.941944,6
1430425881.957919,6
1430425881.972043,7
1430425881.986500,8
1430425882.000871,9
1430425882.014919,9
1430425882.029909,7
1430425882.048256,8
1430425882.062473,8
1430425882.076687,7
1430425882.091669,8
1430425882.105692,6
1430425882.120769,7
1430425882.136612,7
1430425882.150630,8
1430425882.167939,8
1430425882.182867,7
1430425882.198357,6
1430425882.213150,7
1430425882.227994,8
1430425882.242330,7
1430425882.256267,6
1430425882.270441,7
1430425882.284924,8
1430425882.300289,7
1430425882.315984,8
1430425882.332626,8
1430425882.348270,8
1430425882.364013,6
1430425882.379071,8
1430425882.393759,8
1430425882.409960,7
1430425882.425358,7
1430425882.439997,7
1430425882.454682,8
1430425882.470180,7
1430425882.483946,8
1430425882.500133,8
1430425882.514944,6
1430425882.529294,8
1430425882.543747,7
1430425882.558486,9
1430425882.576461,7
1430425882.592144,6
1430425882.606723,9
1430425882.620675,8
1430425882.635973,8
1430425882.650319,6
1430425882.665173,8
1430425882.679985,7
1430425882.698024,7
1430425882.715052,7
1430425882.730094,5
1430425882.744263,6
1430425882.758936,7
1430425882.774141,6
1430425882.796138,8
1430425882.815593,5
1430425882.830388,8
1430425882.846328,5
1430425882.861246,6
1430425882.877013,7
1430425882.894305,6
1430425882.910069,6
1430425882.925723,7
1430425882.940232,5
1430425882.954539,9
1430425882.969048,5
1430425882.983525,5
1430425882.999047,8
1430425883.013910,7
1430425883.030308,8
1430425883.045518,6
1430425883.059509,6
1430425883.073867,6
1430425883.090095,7
1430425883.105259,6
1430425883.124692,7
1430425883.140966,4
1430425883.156028,6
1430425883.170954,5
1430425883.186096,8
1430425883.201026,5
1430425883.215471,7
1430425883.231187,9
1430425883.245202,5
1430425883.259901,7
1430425883.274011,6
1430425883.289937,6
1430425883.305769,7
1430425883.320491,6
1430425883.336857,8
1430425883.352060,6
1430425883.368921,7
1430425883.383227,7
1430425883.398385,4
1430425883.413321,7
1430425883.428204,5
1430425883.442123,8
1430425883.457558,5
1430425883.473590,8
1430425883.488612,8
1430425883.505127,5
1430425883.520053,6
1430425883.535493,7
1430425883.549742,7
1430425883.566450,8
1430425883.581420,6
1430425883.595592,6
1430425883.615930,5
1430425883.630069,6
1430425883.644617,6
1430425883.659640,6
1430425883.675159,6
1430425883.689480,6
1430425883.704701,7
1430425883.719738,6
1430425883.735702,6
1430425883.750815,6
1430425883.765509,6
1430425883.780749,8
1430425883.795369,5
1430425883.810247,6
1430425883.824696,7
1430425883.840699,4
1430425883.855899,8
1430425883.870046,5
1430425883.885744,6
1430425883.900421,5
1430425883.916879,6
1430425883.932751,7
1430425883.947963,6
1430425883.968714,6
1430425883.982570,6
1430425883.998770,7
1430425884.014076,6
1430425884.029255,6
1430425884.043461,6
1430425884.058716,6
1430425884.074458,7
1430425884.089916,6
1430425884.106956,6
1430425884.121831,6
1430425884.136182,6
1430425884.151012,6
1430425884.165637,7
1430425884.180589,6
1430425884.195266,6
1430425884.209972,4
1430425884.223994,7
1430425884.240151,6
1430425884.254108,6
1430425884.270481,6
1430425884.285997,6
1430425884.300096,7
1430425884.316048,6
1430425884.330119,6
1430425884.344729,5
1430425884.359339,6
1430425884.375873,6
1430425884.389989,7
1430425884.406626,6
1430425884.421905,5
1430425884.436383,6
1430425884.451378,7
1430425884.465591,6
1430425884.479997,6
1430425884.494594,5
1430425884.510191,6
1430425884.524559,7
1430425884.538433,6
1430425884.552641,6
1430425884.567751,5
1430425884.582424,6
1430425884.598580,7
1430425884.612898,6
1430425884.628745,6
1430425884.643393,6
1430425884.657656,6
1430425884.672372,7
1430425884.686174,6
1430425884.700096,6
1430425884.714067,9
1430425884.728499,7
1430425884.743471,6
1430425884.760292,6
1430425884.775576,7
1430425884.796147,4
1430425884.814501,8
1430425884.830564,7
1430425884.845643,8
1430425884.860920,0
1430425884.876234,1
1430425884.892284,0
1430425884.906499,0
1430425884.920631,0
1430425884.935025,0
1430425884.949046,0
1430425884.966727,0
1430425884.981838,0
1430425884.997322,0
1430425885.011694,0
1430425885.027076,0
1430425885.047070,0
1430425885.065693,0
1430425885.081402,0
1430425885.096766,0
1430425885.111916,0
1430425885.125915,0
1430425885.143349,0
1430425885.160150,0
1430425885.175683,0
1430425885.192103,0
1430425885.207957,0
1430425885.223000,0
1430425885.237699,0
1430425885.252252,0
1430425885.266484,0
1430425885.281946,0
1430425885.297484,0
1430425885.313035,0
1430425885.327581,0
1430425885.345482,0
1430425885.360552,0
1430425885.374988,0
1430425885.390505,0
1430425885.405170,0
1430425885.420964,0
1430425885.435598,0
1430425885.449758,0
1430425885.464881,0
1430425885.478971,0
1430425885.493971,0
1430425885.508263,0
1430425885.525644,0
1430425885.540492,0
1430425885.554630,0
1430425885.569831,0
1430425885.583959,0
1430425885.604608,0
1430425885.620661,0
1430425885.636461,0
1430425885.654873,0
1430425885.669916,0
1430425885.684920,0
