1430425687.666940,0
1430425687.681141,2
1430425687.696726,0
1430425687.710952,0
1430425687.798418,0
1430425687.812458,8
1430425687.829321,2
1430425687.844618,0
1430425687.859697,7
1430425687.875466,9
1430425687.889761,0
1430425687.908418,8
1430425687.924075,9
1430425687.938578,9
1430425687.953239,9
1430425687.967976,9
1430425687.984124,9
1430425687.998768,9
1430425688.014089,9
1430425688.030275,8
1430425688.045805,9
1430425688.060037,8
1430425688.076347,7
1430425688.092426,8
1430425688.107143,7
1430425688.121536,4
1430425688.135846,3
1430425688.151686,7
1430425688.166115,8
1430425688.180115,4
1430425688.196065,8
1430425688.209923,5
1430425688.224266,4
1430425688.239320,8
1430425688.253308,7
1430425688.268646,3
1430425688.283777,5
1430425688.299251,6
1430425688.316860,6
1430425688.331443,4
1430425688.348052,4
1430425688.362856,8
1430425688.377907,4
1430425688.393362,4
1430425688.408204,1
1430425688.423737,6
1430425688.438109,4
1430425688.452805,3
1430425688.467225,6
1430425688.481884,4
1430425688.496683,5
1430425688.511620,6
1430425688.526058,4
1430425688.540790,4
1430425688.556361,4
1430425688.570972,3
1430425688.586598,6
1430425688.601551,5
1430425688.617339,6
1430425688.631391,4
1430425688.646423,6
1430425688.660443,6
1430425688.675957,2
1430425688.690318,5
1430425688.704727,6
1430425688.720724,3
1430425688.735456,5
1430425688.750088,4
1430425688.765401,4
1430425688.779868,4
1430425688.794367,4
1430425688.809218,4
1430425688.824638,2
1430425688.839666,4
1430425688.854455,3
1430425688.868351,2
1430425688.885502,5
1430425688.899386,4
1430425688.913426,2
1430425688.930165,6
1430425688.945168,4
1430425688.959982,2
1430425688.974467,5
1430425688.988783,4
1430425689.003710,2
1430425689.018676,7
1430425689.034008,2
1430425689.048161,2
1430425689.063223,6
1430425689.080436,4
1430425689.095410,2
1430425689.110162,3
1430425689.125695,4
1430425689.139673,2
1430425689.153892,4
1430425689.169057,4
1430425689.185353,2
1430425689.200470,6
1430425689.216625,4
1430425689.230612,4
1430425689.245687,4
1430425689.259966,4
1430425689.274235,4
1430425689.288511,4
1430425689.304343,4
1430425689.318940,4
1430425689.333059,4
1430425689.348250,6
1430425689.362050,4
1430425689.376574,4
1430425689.392729,5
1430425689.408923,4
1430425689.424359,4
1430425689.438780,2
1430425689.452873,5
1430425689.467267,4
1430425689.482239,4
1430425689.502193,4
1430425689.518541,4
1430425689.533992,3
1430425689.549214,4
1430425689.563192,4
1430425689.578395,4
1430425689.594010,4
1430425689.609478,4
1430425689.625776,4
1430425689.640357,4
1430425689.656349,3
1430425689.670856,5
1430425689.687509,5
1430425689.701844,4
1430425689.716462,4
1430425689.730936,5
1430425689.746856,3
1430425689.761880,2
1430425689.777193,6
1430425689.791909,4
1430425689.810116,2
1430425689.824890,5
1430425689.840142,4
1430425689.854305,4
1430425689.869892,5
1430425689.884301,2
1430425689.898732,4
1430425689.913051,6
1430425689.929062,2
1430425689.943544,2
1430425689.960020,6
1430425689.974545,2
1430425689.992064,4
1430425690.007781,7
1430425690.023432,4
1430425690.039835,6
1430425690.054424,4
1430425690.069217,4
1430425690.084468,6
1430425690.100896,4
1430425690.115944,4
1430425690.130711,4
1430425690.145048,4
1430425690.159040,4
1430425690.174421,5
1430425690.189821,4
1430425690.205261,4
1430425690.219254,6
1430425690.234937,4
1430425690.249006,4
1430425690.262749,6
1430425690.278086,4
1430425690.292376,4
1430425690.306735,6
1430425690.321596,4
1430425690.335882,4
1430425690.350215,6
1430425690.365720,4
1430425690.379818,4
1430425690.393735,6
1430425690.408625,4
1430425690.422930,5
1430425690.437767,4
1430425690.452123,5
1430425690.466790,6
1430425690.481064,4
1430425690.496607,6
1430425690.513870,6
1430425690.528025,4
1430425690.545534,4
1430425690.559467,6
1430425690.574988,6
1430425690.592650,4
1430425690.609863,4
1430425690.625701,6
1430425690.640256,4
1430425690.655576,5
1430425690.671588,8
1430425690.688875,6
1430425690.702917,5
1430425690.720325,6
1430425690.735378,4
1430425690.752473,4
1430425690.767714,6
1430425690.783133,6
1430425690.797911,4
1430425690.817084,5
1430425690.832117,6
1430425690.846781,8
1430425690.861093,4
1430425690.877229,4
1430425690.892071,8
1430425690.907907,5
1430425690.923633,4
1430425690.939236,7
1430425690.953606,8
1430425690.969729,4
1430425690.987975,6
1430425691.002876,7
1430425691.017010,4
1430425691.032284,6
1430425691.048225,7
1430425691.062802,5
1430425691.077815,6
1430425691.093377,8
1430425691.110812,4
1430425691.126670,8
1430425691.141940,8
1430425691.160236,4
1430425691.177530,8
1430425691.193776,6
1430425691.209606,4
1430425691.226376,8
1430425691.241291,7
1430425691.255606,4
1430425691.274335,8
1430425691.289282,6
1430425691.305421,5
1430425691.320027,6
1430425691.335979,7
1430425691.351086,4
1430425691.368508,7
1430425691.383737,7
1430425691.399674,6
1430425691.413791,6
1430425691.429092,8
1430425691.444123,4
1430425691.466457,7
1430425691.481064,8
1430425691.499456,7
1430425691.515024,7
1430425691.530847,4
1430425691.545672,7
1430425691.559830,7
1430425691.575098,3
1430425691.589342,7
1430425691.603233,8
1430425691.617810,5
1430425691.633250,6
1430425691.654344,7
1430425691.669071,6
1430425691.683863,6
1430425691.699443,8
1430425691.716587,7
1430425691.731983,6
1430425691.747987,7
1430425691.763525,7
1430425691.778989,6
1430425691.795348,7
1430425691.810864,10
1430425691.827943,8
1430425691.841845,5
1430425691.856349,6
1430425691.870747,7
1430425691.886555,8
1430425691.900816,6
1430425691.916054,6
1430425691.933196,8
1430425691.947686,7
1430425691.961823,4
1430425691.976857,9
1430425691.991272,8
1430425692.005686,5
1430425692.020506,6
1430425692.035871,8
1430425692.052092,7
1430425692.066354,6
1430425692.080696,8
1430425692.096164,7
1430425692.111470,6
1430425692.126745,8
1430425692.141018,8
1430425692.156793,6
1430425692.171338,7
1430425692.188805,6
1430425692.203272,7
1430425692.217975,6
1430425692.234552,6
1430425692.249291,8
1430425692.263732,8
1430425692.278600,6
1430425692.294111,6
1430425692.308770,6
1430425692.322969,5
1430425692.339312,6
1430425692.355892,7
1430425692.371025,7
1430425692.390044,5
1430425692.404583,8
1430425692.420229,8
1430425692.435448,5
1430425692.452658,7
1430425692.467703,8
1430425692.481919,6
1430425692.496870,6
1430425692.510932,7
1430425692.525495,7
1430425692.540791,6
1430425692.556156,7
1430425692.570600,7
1430425692.585143,6
1430425692.600155,8
1430425692.614660,7
1430425692.628794,6
1430425692.644087,6
1430425692.659408,7
1430425692.674133,6
1430425692.689941,6
1430425692.706288,8
1430425692.722465,7
1430425692.737420,6
1430425692.751595,7
1430425692.767264,7
1430425692.784504,6
1430425692.799965,7
1430425692.816103,7
1430425692.833477,4
1430425692.848058,7
1430425692.863326,8
1430425692.877674,6
1430425692.895153,4
1430425692.911175,7
1430425692.926048,8
1430425692.940222,8
1430425692.954729,4
1430425692.970696,8
1430425692.986221,9
1430425693.000327,5
1430425693.015710,6
1430425693.030981,8
1430425693.045743,6
1430425693.060641,6
1430425693.075341,8
1430425693.089220,7
1430425693.103868,6
1430425693.120644,7
1430425693.137396,9
1430425693.152474,9
1430425693.167333,4
1430425693.181536,6
1430425693.196901,8
1430425693.210540,9
1430425693.226572,6
1430425693.240931,7
1430425693.255660,5
1430425693.270367,7
1430425693.285060,7
1430425693.300788,8
1430425693.315514,6
1430425693.330870,5
1430425693.348125,8
1430425693.364038,8
1430425693.378660,4
1430425693.393154,8
1430425693.408031,8
1430425693.423401,6
1430425693.437602,8
1430425693.452424,8
1430425693.466713,3
1430425693.482158,9
1430425693.497286,6
1430425693.511873,4
1430425693.527793,9
1430425693.542443,8
1430425693.558260,5
1430425693.572771,7
1430425693.590928,7
1430425693.606429,8
1430425693.621042,7
1430425693.637544,6
1430425693.652119,7
1430425693.667400,7
1430425693.681654,5
1430425693.696168,7
1430425693.710305,8
1430425693.726192,7
1430425693.740515,6
1430425693.755337,6
1430425693.770627,7
1430425693.785451,8
1430425693.801193,7
1430425693.819612,7
1430425693.834136,6
1430425693.848825,6
1430425693.863131,7
1430425693.877809,4
1430425693.891450,8
1430425693.906016,7
1430425693.920345,6
1430425693.940578,7
1430425693.963467,6
1430425693.978399,5
1430425693.992660,9
1430425694.008802,8
1430425694.023513,4
1430425694.037882,8
1430425694.053329,8
1430425694.068177,4
1430425694.082908,7
1430425694.097441,8
1430425694.111893,5
1430425694.130365,6
1430425694.147360,9
1430425694.162628,5
1430425694.177511,6
1430425694.196173,7
1430425694.211768,7
1430425694.226251,7
1430425694.245291,7
1430425694.259364,6
1430425694.275497,8
1430425694.289533,8
1430425694.303731,8
1430425694.318176,4
1430425694.332549,6
1430425694.346805,8
1430425694.362776,5
1430425694.380807,6
1430425694.399829,8
1430425694.419167,9
1430425694.434353,6
1430425694.450093,6
1430425694.467423,9
1430425694.481866,8
1430425694.498961,6
1430425694.513391,6
1430425694.528101,8
1430425694.542716,5
1430425694.557947,8
1430425694.573359,7
1430425694.588046,6
1430425694.603441,6
1430425694.621520,7
1430425694.637340,6
1430425694.653011,6
1430425694.668868,6
1430425694.684006,6
1430425694.699582,8
1430425694.715359,8
1430425694.729730,7
1430425694.746292,5
1430425694.761297,8
1430425694.776608,8
1430425694.790741,6
1430425694.804952,8
1430425694.819625,7
1430425694.835859,8
1430425694.850754,8
1430425694.865383,5
1430425694.880295,8
1430425694.896707,7
1430425694.912394,6
1430425694.927187,6
1430425694.941168,6
1430425694.956888,7
1430425694.971310,7
1430425694.987089,7
1430425695.003563,8
1430425695.020034,8
1430425695.034627,7
1430425695.048754,7
1430425695.064211,7
1430425695.078794,7
1430425695.101367,7
1430425695.119362,7
1430425695.135211,8
1430425695.150762,8
1430425695.166709,7
1430425695.180453,6
1430425695.195402,6
1430425695.210554,8
1430425695.225586,5
1430425695.239483,8
1430425695.255479,9
1430425695.269983,5
1430425695.284035,8
1430425695.300014,8
1430425695.314266,7
1430425695.329137,5
1430425695.344258,6
1430425695.360131,4
1430425695.376227,8
1430425695.390906,8
1430425695.405361,4
1430425695.419469,8
1430425695.434695,8
1430425695.449526,4
1430425695.465032,7
1430425695.479553,7
1430425695.494399,6
1430425695.508851,4
1430425695.523178,9
1430425695.538333,8
1430425695.553148,3
1430425695.567497,7
1430425695.582388,9
1430425695.599498,6
1430425695.614713,5
1430425695.629950,7
1430425695.645403,7
1430425695.660788,6
1430425695.676270,7
1430425695.690188,7
1430425695.704446,7
1430425695.719466,6
1430425695.735112,8
1430425695.749784,7
1430425695.765789,5
1430425695.780018,7
1430425695.798010,8
1430425695.814010,7
1430425695.832323,6
1430425695.847687,8
1430425695.863268,6
1430425695.877586,6
1430425695.892096,8
1430425695.907966,8
1430425695.922451,7
1430425695.939580,6
1430425695.953579,7
1430425695.968001,7
1430425695.983212,6
1430425695.998376,7
1430425696.014499,9
1430425696.029313,7
1430425696.043427,6
1430425696.058974,6
1430425696.074330,8
1430425696.092575,6
1430425696.111236,9
1430425696.126424,5
1430425696.140600,6
1430425696.155648,9
1430425696.171073,6
1430425696.186581,7
1430425696.202154,8
1430425696.217075,6
1430425696.236620,6
1430425696.251334,8
1430425696.266565,6
1430425696.280848,6
1430425696.296396,8
1430425696.311694,6
1430425696.327091,8
1430425696.343276,8
1430425696.357696,6
1430425696.372183,6
1430425696.386743,9
1430425696.401513,6
1430425696.418671,6
1430425696.432880,9
1430425696.447455,6
1430425696.461716,5
1430425696.477050,9
1430425696.491986,6
1430425696.506893,6
1430425696.522474,8
1430425696.537522,6
1430425696.552256,6
1430425696.566825,9
1430425696.581337,6
1430425696.596464,7
1430425696.611151,8
1430425696.625935,6
1430425696.639952,6
1430425696.654974,8
1430425696.670618,8
1430425696.686854,7
1430425696.701556,7
1430425696.718023,7
1430425696.733733,8
1430425696.749833,6
1430425696.765610,5
1430425696.781061,7
1430425696.796296,7
1430425696.812259,6
1430425696.826528,8
1430425696.840738,8
1430425696.856499,6
1430425696.870667,8
1430425696.885889,8
1430425696.899956,6
1430425696.914944,6
1430425696.929065,8
1430425696.943306,7
1430425696.959579,7
1430425696.974492,8
1430425696.990839,8
1430425697.005766,6
1430425697.024994,8
1430425697.046565,7
1430425697.062206,7
1430425697.078932,6
1430425697.096086,8
1430425697.110653,8
1430425697.127401,5
1430425697.143167,6
1430425697.157284,8
1430425697.171911,7
1430425697.187198,5
1430425697.201404,8
1430425697.216360,9
1430425697.231108,6
1430425697.245552,7
1430425697.260793,7
1430425697.275980,6
1430425697.290407,8
1430425697.304579,8
1430425697.318974,5
1430425697.333883,8
1430425697.349013,8
1430425697.364704,6
1430425697.378839,8
1430425697.393633,7
1430425697.410206,6
1430425697.426267,8
1430425697.440559,6
1430425697.455434,6
1430425697.470261,6
1430425697.485662,6
1430425697.499990,6
1430425697.515388,8
1430425697.530102,6
1430425697.545484,7
1430425697.560416,8
1430425697.575218,6
1430425697.590771,8
1430425697.607297,8
1430425697.621776,4
1430425697.636976,7
1430425697.651413,8
1430425697.667279,4
1430425697.681375,7
1430425697.697111,9
1430425697.711392,6
1430425697.800931,7
1430425697.815994,12
1430425697.830319,16
1430425697.845368,13
1430425697.860353,13
1430425697.875526,18
1430425697.890401,20
1430425697.905577,23
1430425697.919975,27
1430425697.935499,32
1430425697.950708,34
1430425697.966744,36
1430425697.981437,37
1430425697.997089,36
1430425698.011791,35
1430425698.026257,33
1430425698.040587,32
1430425698.055588,27
1430425698.070007,28
1430425698.084421,27
1430425698.099738,25
1430425698.113728,27
1430425698.128654,27
1430425698.143627,27
1430425698.158373,26
1430425698.173305,28
1430425698.187584,28
1430425698.203418,27
1430425698.217896,27
1430425698.235780,27
1430425698.250115,29
1430425698.265284,26
1430425698.279892,26
1430425698.295481,22
1430425698.310736,23
1430425698.325870,21
1430425698.339739,18
1430425698.357076,19
1430425698.371857,23
1430425698.386954,21
1430425698.402544,23
1430425698.417772,21
1430425698.433531,21
1430425698.448533,20
1430425698.462900,17
1430425698.479036,16
1430425698.494069,16
1430425698.508821,15
1430425698.524338,14
1430425698.538607,15
1430425698.554301,16
1430425698.568911,17
1430425698.584151,14
1430425698.600391,15
1430425698.614179,14
1430425698.629356,12
1430425698.643598,12
1430425698.657919,12
1430425698.672153,10
1430425698.686714,10
1430425698.701435,12
1430425698.717696,10
1430425698.732785,11
1430425698.748609,12
1430425698.766160,9
1430425698.782430,8
1430425698.803627,8
1430425698.820418,11
1430425698.836144,10
1430425698.850763,9
1430425698.864594,12
1430425698.879709,12
1430425698.897650,12
1430425698.912924,10
1430425698.927654,11
1430425698.942367,8
1430425698.957354,6
1430425698.971511,7
1430425698.986133,8
1430425699.000467,6
1430425699.014885,9
1430425699.029532,8
1430425699.045766,6
1430425699.059774,10
1430425699.075173,7
1430425699.090022,6
1430425699.105509,8
1430425699.119218,8
1430425699.136076,7
1430425699.150516,6
1430425699.167817,8
1430425699.182412,7
1430425699.199119,10
1430425699.213284,8
1430425699.228180,6
1430425699.244371,8
1430425699.258742,8
1430425699.273889,6
1430425699.289674,9
1430425699.304605,8
1430425699.325384,8
1430425699.341548,8
1430425699.359366,7
1430425699.373769,6
1430425699.387992,4
1430425699.403389,7
1430425699.418662,8
1430425699.432723,5
1430425699.447518,9
1430425699.462028,7
1430425699.477757,6
1430425699.491815,8
1430425699.508018,6
1430425699.522714,5
1430425699.537847,7
1430425699.552966,8
1430425699.570185,9
1430425699.585438,11
1430425699.599489,9
1430425699.614284,6
1430425699.629409,6
1430425699.646876,7
1430425699.662172,8
1430425699.676968,3
1430425699.690935,8
1430425699.705509,9
1430425699.719634,5
1430425699.737205,6
1430425699.751913,8
1430425699.766188,5
1430425699.780742,6
1430425699.796477,8
1430425699.811220,6
1430425699.827247,7
1430425699.841395,8
1430425699.856971,5
1430425699.873218,9
1430425699.889170,8
1430425699.903918,6
1430425699.919004,8
1430425699.934005,7
1430425699.949749,6
1430425699.964478,6
1430425699.978782,7
1430425699.993354,6
1430425700.008729,6
1430425700.023479,7
1430425700.040339,8
1430425700.055013,8
1430425700.069713,5
1430425700.084674,8
1430425700.100605,8
1430425700.116219,7
1430425700.131551,6
1430425700.146470,6
1430425700.161131,8
1430425700.176330,7
1430425700.191140,6
1430425700.206250,7
1430425700.220447,6
1430425700.238091,9
1430425700.252951,8
1430425700.268203,6
1430425700.282957,6
1430425700.297454,8
1430425700.311820,7
1430425700.325615,7
1430425700.340641,6
1430425700.357976,5
1430425700.372687,8
1430425700.390115,9
1430425700.405680,8
1430425700.420299,4
1430425700.435806,9
1430425700.449893,8
1430425700.463801,4
1430425700.480440,7
1430425700.494368,8
1430425700.509740,5
1430425700.526059,8
1430425700.540502,8
1430425700.557126,5
1430425700.571444,7
1430425700.588227,8
1430425700.602854,5
1430425700.616838,8
1430425700.631801,11
1430425700.646950,5
1430425700.661786,6
1430425700.676217,10
1430425700.691120,7
1430425700.705975,8
1430425700.721954,8
1430425700.736653,9
1430425700.750308,6
1430425700.765678,6
1430425700.783134,9
1430425700.797924,7
1430425700.812585,6
1430425700.826392,6
1430425700.840884,8
1430425700.855368,9
1430425700.869648,7
1430425700.884195,6
1430425700.900690,8
1430425700.915977,9
1430425700.930285,6
1430425700.946366,8
1430425700.960500,8
1430425700.975770,5
1430425700.990110,9
1430425701.005509,8
1430425701.019964,6
1430425701.034222,10
1430425701.049689,11
1430425701.065008,10
1430425701.078800,11
1430425701.094583,10
1430425701.109614,9
1430425701.127621,11
1430425701.142601,12
1430425701.158430,12
1430425701.173658,10
1430425701.190027,13
1430425701.207774,6
1430425701.221552,9
1430425701.235920,9
1430425701.251089,10
1430425701.266220,8
1430425701.283285,9
1430425701.298631,12
1430425701.316115,10
1430425701.330534,11
1430425701.346135,8
1430425701.360329,8
1430425701.376875,9
1430425701.397025,9
1430425701.412358,11
1430425701.428318,11
1430425701.443567,10
1430425701.459540,10
1430425701.474487,6
1430425701.489202,9
1430425701.504946,9
1430425701.519124,8
1430425701.533250,8
1430425701.548855,11
1430425701.565586,11
1430425701.579452,10
1430425701.593887,9
1430425701.608316,9
1430425701.622530,8
1430425701.638670,10
1430425701.652296,11
1430425701.666697,6
1430425701.681510,9
1430425701.696685,11
1430425701.711810,12
1430425701.726498,9
1430425701.743447,11
1430425701.758128,11
1430425701.773601,9
1430425701.788391,9
1430425701.802687,13
1430425701.817865,10
1430425701.832990,7
1430425701.847704,8
1430425701.863181,11
1430425701.877552,11
1430425701.893746,5
1430425701.908337,10
1430425701.923549,10
1430425701.938491,9
1430425701.953092,7
1430425701.969663,11
1430425701.985221,11
1430425702.000824,7
1430425702.015720,11
1430425702.029995,8
1430425702.044508,7
1430425702.059927,8
1430425702.074563,12
1430425702.089281,8
1430425702.104969,10
1430425702.119405,9
1430425702.137461,9
1430425702.152074,9
1430425702.166586,13
1430425702.180883,10
1430425702.195351,9
1430425702.210871,8
1430425702.226045,8
1430425702.240972,11
1430425702.260455,15
1430425702.274842,13
1430425702.289166,10
1430425702.303644,7
1430425702.317720,10
1430425702.332887,11
1430425702.348909,12
1430425702.364632,7
1430425702.380338,10
1430425702.396028,9
1430425702.410409,6
1430425702.424794,10
1430425702.440469,11
1430425702.455418,7
1430425702.470351,9
1430425702.485199,9
1430425702.500578,5
1430425702.514891,9
1430425702.529075,8
1430425702.543894,6
1430425702.561365,8
1430425702.575509,11
1430425702.593431,7
1430425702.608976,10
1430425702.624097,10
1430425702.640077,9
1430425702.655380,7
1430425702.669449,7
1430425702.683835,8
1430425702.699629,12
1430425702.715489,10
1430425702.730404,7
1430425702.745874,9
1430425702.761233,8
1430425702.775886,7
1430425702.790458,6
1430425702.806233,10
1430425702.821596,11
1430425702.838238,8
1430425702.853442,9
1430425702.867862,11
1430425702.882826,8
1430425702.897199,8
1430425702.911934,9
1430425702.927921,9
1430425702.943355,9
1430425702.957978,10
1430425702.972053,6
1430425702.987596,8
1430425703.002971,8
1430425703.018459,6
1430425703.032698,9
1430425703.046913,9
1430425703.062418,6
1430425703.077126,9
1430425703.092486,8
1430425703.108322,6
1430425703.122329,9
1430425703.137677,7
1430425703.153912,8
1430425703.168349,8
1430425703.182191,9
1430425703.197055,8
1430425703.211532,8
1430425703.226245,8
1430425703.241067,9
1430425703.255961,9
1430425703.270627,9
1430425703.285379,8
1430425703.299532,11
1430425703.314164,9
1430425703.329585,9
1430425703.345096,10
1430425703.359519,8
1430425703.373890,8
1430425703.389684,10
1430425703.404162,14
1430425703.418665,7
1430425703.433876,8
1430425703.449186,9
1430425703.473314,11
1430425703.491513,13
1430425703.505885,7
1430425703.519924,10
1430425703.537009,12
1430425703.551871,8
1430425703.566721,9
1430425703.582994,10
1430425703.598290,9
1430425703.613811,8
1430425703.628059,9
1430425703.649963,8
1430425703.666139,11
1430425703.681308,8
1430425703.700063,10
1430425703.716807,11
1430425703.730989,7
1430425703.746713,10
1430425703.762592,11
1430425703.776969,9
1430425703.792022,10
1430425703.806938,9
1430425703.821088,11
1430425703.836069,8
1430425703.850244,9
1430425703.865760,12
1430425703.880261,8
1430425703.894971,10
1430425703.909143,13
1430425703.924685,10
1430425703.939899,11
1430425703.955587,10
1430425703.970223,7
1430425703.985356,12
1430425704.002070,11
1430425704.017177,9
1430425704.031501,7
1430425704.045956,10
1430425704.059822,13
1430425704.076055,10
1430425704.090171,8
1430425704.104473,12
1430425704.118756,7
1430425704.135693,10
1430425704.150214,12
1430425704.165893,9
1430425704.180374,11
1430425704.195510,7
1430425704.210310,10
1430425704.225546,9
1430425704.240179,9
1430425704.255116,8
1430425704.268820,8
1430425704.284183,9
1430425704.298660,10
1430425704.315296,11
1430425704.330165,9
1430425704.345146,10
1430425704.360049,9
1430425704.374534,8
1430425704.389145,8
1430425704.403403,12
1430425704.417466,10
1430425704.432201,6
1430425704.447239,9
1430425704.461799,9
1430425704.476106,7
1430425704.490022,9
1430425704.505362,8
1430425704.519556,5
1430425704.534984,10
1430425704.549351,11
1430425704.564083,7
1430425704.578648,6
1430425704.592569,8
1430425704.607445,8
1430425704.621787,8
1430425704.640838,9
1430425704.661028,11
1430425704.676758,12
1430425704.691255,10
1430425704.707609,7
1430425704.724301,10
1430425704.738655,8
1430425704.753193,8
1430425704.767103,9
1430425704.790487,9
1430425704.805426,6
1430425704.819388,10
1430425704.834673,11
1430425704.850521,7
1430425704.868014,13
1430425704.882131,13
1430425704.898718,10
1430425704.914094,8
1430425704.928993,7
1430425704.946842,9
1430425704.961841,10
1430425704.977048,10
1430425704.991009,9
1430425705.006374,9
1430425705.020515,9
1430425705.035290,8
1430425705.049770,8
1430425705.064266,7
1430425705.079149,11
1430425705.093862,8
1430425705.108755,8
1430425705.124925,10
1430425705.139307,10
1430425705.153969,8
1430425705.168058,8
1430425705.182485,9
1430425705.196899,7
1430425705.211477,8
1430425705.225739,10
1430425705.239662,7
1430425705.255027,11
1430425705.270145,11
1430425705.285422,8
1430425705.299622,8
1430425705.314860,8
1430425705.328769,7
1430425705.346169,8
1430425705.360266,9
1430425705.375871,9
1430425705.390591,11
1430425705.405797,10
1430425705.421933,9
1430425705.435827,10
1430425705.450516,10
1430425705.466602,5
1430425705.480905,8
1430425705.495822,10
1430425705.511557,8
1430425705.527884,12
1430425705.542538,10
1430425705.559976,11
1430425705.575237,10
1430425705.589915,12
1430425705.605272,9
1430425705.620593,9
1430425705.635779,11
1430425705.649766,10
1430425705.664889,13
1430425705.682182,8
1430425705.699136,10
1430425705.715500,12
1430425705.729661,15
1430425705.745411,11
1430425705.759716,12
1430425705.774654,6
1430425705.790801,11
1430425705.806035,8
1430425705.821448,6
1430425705.837663,9
1430425705.854044,14
1430425705.868078,12
1430425705.885253,8
1430425705.900230,13
1430425705.914443,9
1430425705.929356,6
1430425705.944563,8
1430425705.959167,10
1430425705.974192,6
1430425705.988864,11
1430425706.003118,11
1430425706.018410,8
1430425706.032948,12
1430425706.048602,11
1430425706.063578,7
1430425706.079355,7
1430425706.094241,9
1430425706.109853,7
1430425706.128224,11
1430425706.144729,10
1430425706.159992,10
1430425706.175144,10
1430425706.190807,14
1430425706.206345,12
1430425706.220338,8
1430425706.237252,10
1430425706.256541,8
1430425706.272139,11
1430425706.286538,11
1430425706.300767,9
1430425706.315466,10
1430425706.330189,12
1430425706.348618,11
1430425706.362823,13
1430425706.378195,8
1430425706.393116,9
1430425706.410057,10
1430425706.425865,11
1430425706.440511,9
1430425706.456376,11
1430425706.471726,9
1430425706.487057,13
1430425706.509241,10
1430425706.527783,10
1430425706.542876,9
1430425706.556847,10
1430425706.571502,11
1430425706.585359,4
1430425706.602158,9
1430425706.618827,8
1430425706.634309,8
1430425706.650007,12
1430425706.664927,12
1430425706.679286,10
1430425706.694180,6
1430425706.708770,9
1430425706.727085,10
1430425706.741515,6
1430425706.756901,8
1430425706.771903,8
1430425706.788348,7
1430425706.803254,11
1430425706.818016,7
1430425706.835830,6
1430425706.851682,10
1430425706.867136,10
1430425706.880973,8
1430425706.897031,8
1430425706.911726,10
1430425706.926672,6
1430425706.941034,8
1430425706.955923,9
1430425706.969859,6
1430425706.984425,8
1430425706.998973,9
1430425707.013883,6
1430425707.028819,10
1430425707.044583,10
1430425707.060804,8
1430425707.075885,7
1430425707.095544,8
1430425707.110068,9
1430425707.124901,8
1430425707.140110,8
1430425707.155870,8
1430425707.170912,6
1430425707.186033,10
1430425707.200812,9
1430425707.216587,6
1430425707.234275,8
1430425707.249320,9
1430425707.265312,11
1430425707.279773,7
1430425707.298217,9
1430425707.313472,9
1430425707.328093,6
1430425707.342361,7
1430425707.357437,12
1430425707.381444,8
1430425707.396742,9
1430425707.411667,8
1430425707.426612,10
1430425707.441544,8
1430425707.457156,8
1430425707.471585,8
1430425707.487287,9
1430425707.501290,9
1430425707.516670,10
1430425707.530475,9
1430425707.545795,8
1430425707.560281,8
1430425707.579158,11
1430425707.594159,5
1430425707.609673,7
1430425707.626258,9
1430425707.640529,9
1430425707.656136,8
1430425707.673049,10
1430425707.689591,8
1430425707.703756,10
1430425707.721846,6
1430425707.737481,11
1430425707.751267,8
1430425707.766677,7
1430425707.781753,10
1430425707.796783,8
1430425707.810866,7
1430425707.827443,8
1430425707.842869,9
1430425707.858295,8
1430425707.873002,8
1430425707.887721,8
1430425707.902909,10
1430425707.917803,7
1430425707.932173,7
1430425707.951443,12
1430425707.966878,11
1430425707.982673,5
1430425707.998250,11
1430425708.012275,12
1430425708.027500,7
1430425708.044006,8
1430425708.059148,11
1430425708.074575,6
1430425708.089942,10
1430425708.106667,8
1430425708.122215,7
1430425708.139099,8
1430425708.153251,14
1430425708.170187,11
1430425708.185418,10
1430425708.199852,10
1430425708.219395,13
1430425708.237086,8
1430425708.254276,9
1430425708.268943,14
1430425708.283489,11
1430425708.298009,8
1430425708.311768,6
1430425708.326101,8
1430425708.341674,12
1430425708.356607,8
1430425708.371642,6
1430425708.386528,8
1430425708.400780,7
1430425708.419231,7
1430425708.435589,10
1430425708.449804,7
1430425708.463978,8
1430425708.478265,10
1430425708.493046,8
1430425708.508131,6
1430425708.523190,10
1430425708.538302,10
1430425708.553862,6
1430425708.568963,9
1430425708.584321,8
1430425708.598700,5
1430425708.612806,11
1430425708.627024,11
1430425708.642504,5
1430425708.657198,9
1430425708.671409,9
1430425708.687403,7
1430425708.701170,7
1430425708.719609,12
1430425708.739186,10
1430425708.753125,11
1430425708.768251,8
1430425708.784157,10
1430425708.799078,9
1430425708.814076,6
1430425708.828902,11
1430425708.843152,6
1430425708.859794,8
1430425708.873507,9
1430425708.891320,6
1430425708.906791,7
1430425708.922021,9
1430425708.936937,7
1430425708.951431,8
1430425708.966517,8
1430425708.980571,9
1430425708.998956,10
1430425709.013554,12
1430425709.028802,9
1430425709.043847,6
1430425709.059383,11
1430425709.073858,8
1430425709.088787,8
1430425709.103329,10
1430425709.117579,10
1430425709.131672,4
1430425709.147058,7
1430425709.161248,8
1430425709.176702,6
1430425709.191588,8
1430425709.208974,11
1430425709.223871,10
1430425709.238836,7
1430425709.254086,8
1430425709.269018,12
1430425709.284121,8
1430425709.299760,4
1430425709.315778,13
1430425709.330072,10
1430425709.345648,4
1430425709.365194,11
1430425709.380143,14
1430425709.396210,11
1430425709.410239,6
1430425709.426867,10
1430425709.440754,11
1430425709.456338,5
1430425709.471037,6
1430425709.487347,8
1430425709.502060,11
1430425709.517107,8
1430425709.531204,7
1430425709.547140,6
1430425709.562777,8
1430425709.577351,9
1430425709.591161,9
1430425709.605333,5
1430425709.619759,11
1430425709.633935,11
1430425709.650785,7
1430425709.666059,11
1430425709.680348,11
1430425709.695112,8
1430425709.709175,6
1430425709.725215,9
1430425709.740355,10
1430425709.754314,8
1430425709.768882,8
1430425709.784239,9
1430425709.798817,8
1430425709.813263,7
1430425709.829194,12
1430425709.846392,10
1430425709.861520,9
1430425709.878390,6
1430425709.893313,6
1430425709.908562,8
1430425709.924401,7
1430425709.939311,8
1430425709.954533,9
1430425709.969586,5
1430425709.984864,9
1430425709.999146,9
1430425710.013384,6
1430425710.028764,7
1430425710.044525,8
1430425710.058848,6
1430425710.073623,7
1430425710.087871,8
1430425710.101788,9
1430425710.116975,8
1430425710.131387,9
1430425710.146617,8
1430425710.161084,7
1430425710.176632,9
1430425710.190699,6
1430425710.205133,9
1430425710.219744,11
1430425710.234305,6
1430425710.249324,10
1430425710.263431,10
1430425710.277806,6
1430425710.292250,7
1430425710.307707,8
1430425710.322553,7
1430425710.337066,6
1430425710.353229,10
1430425710.367447,8
1430425710.382976,8
1430425710.397316,8
1430425710.412712,9
1430425710.427305,7
1430425710.442264,8
1430425710.458050,10
1430425710.472364,7
1430425710.487688,7
1430425710.502666,9
1430425710.517311,8
1430425710.532642,8
1430425710.548883,9
1430425710.563965,7
1430425710.578357,8
1430425710.593810,11
1430425710.608914,11
1430425710.623962,11
1430425710.638299,11
1430425710.653885,10
1430425710.668347,9
1430425710.682582,7
1430425710.697110,9
1430425710.711464,10
1430425710.726424,9
1430425710.741510,10
1430425710.756827,11
1430425710.770984,10
1430425710.785250,11
1430425710.799708,10
1430425710.814173,11
1430425710.829633,12
1430425710.844265,10
1430425710.858669,8
1430425710.873951,12
1430425710.889174,12
1430425710.905023,14
1430425710.919106,10
1430425710.933464,12
1430425710.948636,12
1430425710.963690,11
1430425710.978865,13
1430425710.993501,11
1430425711.008564,10
1430425711.023226,14
1430425711.037391,13
1430425711.052190,14
1430425711.066665,14
1430425711.080441,15
1430425711.094953,15
1430425711.109670,15
1430425711.124159,15
1430425711.139287,15
1430425711.154308,13
1430425711.169769,14
1430425711.183852,15
1430425711.199599,13
1430425711.214598,15
1430425711.229119,15
1430425711.243931,15
1430425711.259202,15
1430425711.274475,16
1430425711.289679,14
1430425711.303464,15
1430425711.318095,14
1430425711.331911,14
1430425711.347463,15
1430425711.361890,15
1430425711.376469,16
1430425711.391503,15
1430425711.407964,16
1430425711.424103,14
1430425711.438621,15
1430425711.453459,16
1430425711.470668,18
1430425711.486489,17
1430425711.501769,16
1430425711.519655,11
1430425711.535472,14
1430425711.549429,16
1430425711.564287,15
1430425711.578265,14
1430425711.593297,16
1430425711.607634,14
1430425711.622916,13
1430425711.637711,12
1430425711.651922,11
1430425711.666734,10
1430425711.681157,14
1430425711.696909,15
1430425711.711702,13
1430425711.726041,13
1430425711.740474,13
1430425711.755123,15
1430425711.770386,13
1430425711.785563,13
1430425711.799932,8
1430425711.814824,11
1430425711.831418,12
1430425711.846418,15
1430425711.862860,13
1430425711.877428,11
1430425711.891385,10
1430425711.906103,12
1430425711.920128,12
1430425711.934492,10
1430425711.949457,8
1430425711.963481,8
1430425711.977878,9
1430425711.992762,11
1430425712.007307,10
1430425712.022686,9
1430425712.036862,11
1430425712.050854,10
1430425712.065700,6
1430425712.079748,10
1430425712.094219,8
1430425712.108080,6
1430425712.123094,9
1430425712.136771,10
1430425712.150918,9
1430425712.170373,11
1430425712.189668,15
1430425712.205027,9
1430425712.220149,9
1430425712.237679,12
1430425712.252439,11
1430425712.266549,11
1430425712.282756,8
1430425712.297559,9
1430425712.312176,8
1430425712.327640,12
1430425712.341861,9
1430425712.357371,10
1430425712.371742,6
1430425712.387150,7
1430425712.402164,11
1430425712.420398,12
1430425712.437329,11
1430425712.451776,12
1430425712.466645,9
1430425712.482141,7
1430425712.499475,9
1430425712.515209,12
1430425712.529244,11
1430425712.545032,9
1430425712.559223,8
1430425712.580530,12
1430425712.598457,11
1430425712.614729,8
1430425712.629259,13
1430425712.643485,11
1430425712.657770,9
1430425712.672705,9
1430425712.687788,6
1430425712.702252,9
1430425712.717378,6
1430425712.732513,9
1430425712.747796,12
1430425712.762872,9
1430425712.778888,6
1430425712.796147,8
1430425712.811010,8
1430425712.827451,7
1430425712.842912,7
1430425712.858006,9
1430425712.872787,8
1430425712.888208,7
1430425712.902402,9
1430425712.917043,9
1430425712.932042,8
1430425712.946890,10
1430425712.961062,9
1430425712.976260,8
1430425712.990695,8
1430425713.005591,7
1430425713.020757,7
1430425713.036045,9
1430425713.051220,9
1430425713.066409,9
1430425713.081668,8
1430425713.096560,4
1430425713.110786,9
1430425713.126089,6
1430425713.141903,8
1430425713.156004,8
1430425713.170150,6
1430425713.185684,8
1430425713.199679,8
1430425713.215856,6
1430425713.230134,9
1430425713.245435,9
1430425713.260120,7
1430425713.275905,9
1430425713.290657,8
1430425713.305365,6
1430425713.319752,9
1430425713.339754,10
1430425713.355675,7
1430425713.369861,6
1430425713.384115,11
1430425713.398970,9
1430425713.415234,6
1430425713.429691,9
1430425713.444398,8
1430425713.459609,5
1430425713.474535,9
1430425713.489810,10
1430425713.505033,9
1430425713.522410,8
1430425713.541746,9
1430425713.558297,9
1430425713.573831,7
1430425713.588312,9
1430425713.602862,7
1430425713.618060,8
1430425713.636477,11
1430425713.655265,7
1430425713.673058,8
1430425713.687692,12
1430425713.702619,9
1430425713.718103,5
1430425713.733297,10
1430425713.747644,8
1430425713.764498,9
1430425713.778446,8
1430425713.793040,7
1430425713.807736,10
1430425713.821669,8
1430425713.837092,8
1430425713.850873,8
1430425713.871297,10
1430425713.888142,7
1430425713.906304,11
1430425713.921008,10
1430425713.935098,11
1430425713.949276,8
1430425713.964416,8
1430425713.979714,11
1430425713.995693,9
1430425714.009801,8
1430425714.025018,7
1430425714.042784,9
1430425714.058839,8
1430425714.074564,7
1430425714.089700,8
1430425714.105032,10
1430425714.120198,9
1430425714.136764,10
1430425714.156511,10
1430425714.173011,8
1430425714.187992,7
1430425714.202760,8
1430425714.217243,9
1430425714.232871,8
1430425714.248181,10
1430425714.262866,10
1430425714.280900,8
1430425714.296743,8
1430425714.313015,6
1430425714.326981,9
1430425714.340996,9
1430425714.356006,6
1430425714.370216,9
1430425714.385445,11
1430425714.403919,7
1430425714.423600,7
1430425714.439460,11
1430425714.454272,5
1430425714.469888,8
1430425714.491695,10
1430425714.508389,8
1430425714.525174,9
1430425714.539335,12
1430425714.554662,8
1430425714.569029,9
1430425714.585022,9
1430425714.601031,9
1430425714.616279,7
1430425714.630606,6
1430425714.645530,8
1430425714.660530,7
1430425714.675152,8
1430425714.690745,8
1430425714.705695,10
1430425714.720549,9
1430425714.736575,7
1430425714.751414,8
1430425714.765515,8
1430425714.780200,9
1430425714.795639,7
1430425714.809667,8
1430425714.825573,8
1430425714.839984,8
1430425714.854394,8
1430425714.868930,9
1430425714.886447,7
1430425714.902183,8
1430425714.917349,11
1430425714.932334,6
1430425714.948808,9
1430425714.963237,9
1430425714.977543,8
1430425714.997962,12
1430425715.012346,10
1430425715.027264,4
1430425715.041652,9
1430425715.059478,13
1430425715.074641,6
1430425715.089510,6
1430425715.105024,11
1430425715.123548,11
1430425715.138885,8
1430425715.153874,8
1430425715.167922,9
1430425715.183803,10
1430425715.198821,6
1430425715.213164,9
1430425715.227490,9
1430425715.242812,6
1430425715.257524,9
1430425715.272676,9
1430425715.286820,8
1430425715.301109,8
1430425715.315504,10
1430425715.329917,8
1430425715.345843,7
1430425715.360283,11
1430425715.375687,10
1430425715.390487,10
1430425715.404451,10
1430425715.419817,10
1430425715.436820,12
1430425715.450891,10
1430425715.466955,8
1430425715.480640,8
1430425715.500055,9
1430425715.515190,11
1430425715.529621,8
1430425715.548076,9
1430425715.562966,6
1430425715.577533,8
1430425715.592419,8
1430425715.607091,7
1430425715.622012,9
1430425715.636961,9
1430425715.651246,7
1430425715.666273,8
1430425715.681482,7
1430425715.697067,8
1430425715.712301,9
1430425715.727058,9
1430425715.742695,8
1430425715.758171,8
1430425715.773312,10
1430425715.788120,8
1430425715.803246,9
1430425715.820332,13
1430425715.840155,14
1430425715.855316,10
1430425715.870165,9
1430425715.885600,9
1430425715.902620,7
1430425715.917844,8
1430425715.932996,10
1430425715.949233,11
1430425715.965018,11
1430425715.980073,11
1430425715.995257,11
1430425716.012149,7
1430425716.026947,9
1430425716.041230,8
1430425716.056414,6
1430425716.071148,8
1430425716.085702,9
1430425716.101718,9
1430425716.115827,8
1430425716.130415,9
1430425716.146239,5
1430425716.160765,7
1430425716.176167,9
1430425716.190638,8
1430425716.205719,6
1430425716.219801,13
1430425716.234379,10
1430425716.248902,6
1430425716.263830,10
1430425716.278494,8
1430425716.293172,6
1430425716.310326,10
1430425716.324465,11
1430425716.339358,9
1430425716.354633,12
1430425716.370494,10
1430425716.386767,10
1430425716.404400,11
1430425716.420070,10
1430425716.435571,10
1430425716.451448,11
1430425716.466819,9
1430425716.481371,9
1430425716.496962,10
1430425716.511225,9
1430425716.525857,8
1430425716.540367,9
1430425716.556129,8
1430425716.569963,8
1430425716.584430,10
1430425716.599198,9
1430425716.613870,8
1430425716.628556,8
1430425716.643022,10
1430425716.659129,9
1430425716.674397,9
1430425716.689481,11
1430425716.704204,9
1430425716.719564,13
1430425716.734480,11
1430425716.750137,8
1430425716.764508,9
1430425716.779236,7
1430425716.795376,11
1430425716.810012,8
1430425716.825783,8
1430425716.839842,10
1430425716.853883,8
1430425716.868812,13
1430425716.883484,11
1430425716.900908,11
1430425716.915816,10
1430425716.930219,10
1430425716.946306,12
1430425716.960522,14
1430425716.976835,14
1430425716.991727,12
1430425717.008041,16
1430425717.023331,12
1430425717.039404,13
1430425717.053990,12
1430425717.069574,13
1430425717.085169,10
1430425717.101912,8
1430425717.116836,10
1430425717.131879,11
1430425717.147084,12
1430425717.161595,12
1430425717.176457,11
1430425717.190783,10
1430425717.205946,8
1430425717.221640,9
1430425717.236680,8
1430425717.251403,12
1430425717.266802,9
1430425717.280773,11
1430425717.295538,11
1430425717.310488,11
1430425717.325552,10
1430425717.340699,9
1430425717.354496,10
1430425717.370126,9
1430425717.385093,9
1430425717.400040,11
1430425717.414594,10
1430425717.428392,10
1430425717.442702,11
1430425717.458026,12
1430425717.474020,11
1430425717.488501,10
1430425717.503148,9
1430425717.519020,9
1430425717.533201,9
1430425717.547331,11
1430425717.562555,11
1430425717.576732,11
1430425717.593448,11
1430425717.607776,9
1430425717.622431,11
1430425717.636807,10
1430425717.650761,9
1430425717.666109,8
1430425717.681125,11
1430425717.697852,12
1430425717.712433,12
1430425717.726565,10
1430425717.741685,13
1430425717.757596,11
1430425717.773341,12
1430425717.788449,12
1430425717.802276,12
1430425717.816865,11
1430425717.832618,11
1430425717.847432,13
1430425717.862910,15
1430425717.877488,14
1430425717.892046,12
1430425717.908762,13
1430425717.923474,7
1430425717.937483,4
1430425717.952525,2
1430425717.967591,5
1430425717.982694,6
1430425717.996828,4
1430425718.011372,2
1430425718.026764,6
1430425718.041218,6
1430425718.056918,4
1430425718.071501,4
1430425718.086744,6
1430425718.101521,4
1430425718.115999,7
1430425718.131396,6
1430425718.146654,4
1430425718.161046,6
1430425718.176587,4
1430425718.190651,4
1430425718.206074,6
1430425718.221270,4
1430425718.235593,4
1430425718.251192,6
1430425718.266021,4
1430425718.281495,6
1430425718.296754,7
1430425718.311733,2
1430425718.331085,5
1430425718.349448,6
1430425718.363773,4
1430425718.377888,8
1430425718.392213,7
1430425718.409334,4
1430425718.426322,8
1430425718.441360,6
1430425718.457521,4
1430425718.472655,6
1430425718.487231,6
1430425718.504735,4
1430425718.519660,7
1430425718.534700,8
1430425718.550982,4
1430425718.567090,4
1430425718.584410,6
1430425718.604075,4
1430425718.618816,8
1430425718.634295,6
1430425718.649644,4
1430425718.666018,6
1430425718.681476,7
1430425718.696242,4
1430425718.711453,6
1430425718.726267,8
1430425718.741233,4
1430425718.757126,6
1430425718.771137,7
1430425718.790218,4
1430425718.805404,8
1430425718.819785,8
1430425718.835945,4
1430425718.850156,5
1430425718.864540,7
1430425718.878707,2
1430425718.894219,7
1430425718.915027,8
1430425718.930099,4
1430425718.947527,6
1430425718.963041,9
1430425718.977451,2
1430425718.993919,6
1430425719.009212,7
1430425719.024985,4
1430425719.039903,6
1430425719.054196,7
1430425719.074028,6
1430425719.090435,5
1430425719.104592,8
1430425719.119472,8
1430425719.136933,6
1430425719.151227,6
1430425719.166209,7
1430425719.180365,4
1430425719.196089,6
1430425719.210078,6
1430425719.227518,6
1430425719.241507,7
1430425719.257284,6
1430425719.273197,6
1430425719.288573,6
1430425719.303849,6
1430425719.320500,6
1430425719.335850,5
1430425719.351242,6
1430425719.366822,5
1430425719.382132,8
1430425719.398771,4
1430425719.413951,7
1430425719.428885,6
1430425719.450725,7
1430425719.471810,6
1430425719.489167,4
1430425719.503620,9
1430425719.518994,8
1430425719.533815,4
1430425719.548700,6
1430425719.563625,8
1430425719.577605,4
1430425719.593093,6
1430425719.607898,8
1430425719.622972,4
1430425719.639416,6
1430425719.654498,8
1430425719.668757,4
1430425719.683467,8
1430425719.697255,8
1430425719.712991,4
1430425719.727432,8
1430425719.742828,9
1430425719.757887,4
1430425719.771972,6
1430425719.786741,8
1430425719.801617,5
1430425719.816785,8
1430425719.830986,8
1430425719.845156,6
1430425719.859745,7
1430425719.877542,5
1430425719.892196,6
1430425719.907816,6
1430425719.922931,6
1430425719.937923,7
1430425719.951661,6
1430425719.966403,8
1430425719.980979,6
1430425719.996271,6
1430425720.010367,8
1430425720.025015,7
1430425720.039928,6
1430425720.054112,8
1430425720.069079,8
1430425720.084430,5
1430425720.099585,6
1430425720.116019,8
1430425720.129986,7
1430425720.146521,6
1430425720.162439,7
1430425720.177378,8
1430425720.200716,7
1430425720.217394,6
1430425720.232066,10
1430425720.250971,7
1430425720.268598,6
1430425720.283912,9
1430425720.300143,6
1430425720.314687,5
1430425720.331164,7
1430425720.346089,7
1430425720.361201,6
1430425720.375628,6
1430425720.389711,6
1430425720.404408,6
1430425720.423110,8
1430425720.438479,5
1430425720.453415,8
1430425720.468018,8
1430425720.482669,6
1430425720.498075,8
1430425720.513293,8
1430425720.529017,6
1430425720.543863,8
1430425720.559854,6
1430425720.575892,6
1430425720.590197,7
1430425720.605032,8
1430425720.619116,9
1430425720.634550,9
1430425720.650087,8
1430425720.670312,8
1430425720.686742,6
1430425720.701157,5
1430425720.716319,9
1430425720.732565,8
1430425720.747632,8
1430425720.762174,6
1430425720.777544,8
1430425720.791977,9
1430425720.807796,7
1430425720.823476,5
1430425720.837629,7
1430425720.852292,7
1430425720.868211,8
1430425720.889049,8
1430425720.905986,6
1430425720.921159,7
1430425720.940943,8
1430425720.955783,8
1430425720.969883,7
1430425720.983667,8
1430425721.000461,8
1430425721.015525,5
1430425721.030301,8
1430425721.045574,7
1430425721.059354,8
1430425721.075272,8
1430425721.090138,8
1430425721.104430,6
1430425721.118802,6
1430425721.134309,8
1430425721.149873,9
1430425721.165596,6
1430425721.183325,7
1430425721.200473,9
1430425721.215194,7
1430425721.229358,6
1430425721.243895,6
1430425721.258908,9
1430425721.281527,8
1430425721.297536,6
1430425721.313215,6
1430425721.327788,8
1430425721.342421,7
1430425721.357372,9
1430425721.371091,7
1430425721.385342,9
1430425721.399639,4
1430425721.414723,7
1430425721.429642,8
1430425721.444589,5
1430425721.459502,8
1430425721.475241,8
1430425721.494788,8
1430425721.511300,5
1430425721.525535,6
1430425721.541144,8
1430425721.555354,8
1430425721.572497,6
1430425721.588112,7
1430425721.603056,7
1430425721.618195,7
1430425721.632969,6
1430425721.648295,7
1430425721.662881,8
1430425721.677202,6
1430425721.691411,6
1430425721.707109,6
1430425721.720885,6
1430425721.737092,4
1430425721.751751,9
1430425721.766675,6
1430425721.781456,5
1430425721.796514,8
1430425721.811693,9
1430425721.827393,4
1430425721.842038,6
1430425721.856866,7
1430425721.873398,6
1430425721.888083,6
1430425721.902893,6
1430425721.918929,7
1430425721.934467,7
1430425721.951698,7
1430425721.966241,8
1430425721.980770,4
1430425721.996236,7
1430425722.010444,8
1430425722.026494,3
1430425722.042151,7
1430425722.056690,7
1430425722.071742,2
1430425722.087516,6
1430425722.102151,7
1430425722.116460,4
1430425722.131736,7
1430425722.148014,6
1430425722.162934,6
1430425722.181629,8
1430425722.197790,3
1430425722.212391,7
1430425722.226216,5
1430425722.241704,7
1430425722.256399,6
1430425722.279602,6
1430425722.297244,8
1430425722.311310,4
1430425722.328721,5
1430425722.343790,8
1430425722.359044,6
1430425722.380856,7
1430425722.397794,8
1430425722.412884,3
1430425722.427037,6
1430425722.443031,6
1430425722.458256,5
1430425722.473770,6
1430425722.488206,6
1430425722.503887,4
1430425722.519073,7
1430425722.533350,8
1430425722.548126,4
1430425722.562935,6
1430425722.577740,6
1430425722.593179,5
1430425722.607695,6
1430425722.623362,6
1430425722.638014,5
1430425722.652773,9
1430425722.668937,6
1430425722.683935,5
1430425722.700005,7
1430425722.716964,7
1430425722.731072,4
1430425722.746746,5
1430425722.760985,8
1430425722.775549,5
1430425722.789960,6
1430425722.804132,8
1430425722.819427,7
1430425722.835565,6
1430425722.851298,6
1430425722.865749,6
1430425722.880150,4
1430425722.894573,7
1430425722.908872,8
1430425722.923818,4
1430425722.939926,8
1430425722.954000,8
1430425722.969364,4
1430425722.984860,6
1430425723.003159,9
1430425723.018219,6
1430425723.033931,7
1430425723.049609,8
1430425723.064516,5
1430425723.078996,5
1430425723.096481,9
1430425723.111739,4
1430425723.125669,6
1430425723.140260,7
1430425723.155451,5
1430425723.169764,6
1430425723.184152,8
1430425723.199376,7
1430425723.215971,7
1430425723.231104,5
1430425723.246450,6
1430425723.264277,7
1430425723.278790,6
1430425723.295736,6
1430425723.310036,5
1430425723.326298,5
1430425723.341105,6
1430425723.355904,4
1430425723.370471,7
1430425723.384372,6
1430425723.400274,4
1430425723.415456,6
1430425723.429611,6
1430425723.443867,5
1430425723.458599,7
1430425723.473762,6
1430425723.488575,6
1430425723.502795,6
1430425723.517547,5
1430425723.532758,7
1430425723.547302,6
1430425723.562335,6
1430425723.576496,8
1430425723.590392,6
1430425723.606940,4
1430425723.622297,6
1430425723.636570,7
1430425723.651366,5
1430425723.665814,6
1430425723.679829,7
1430425723.694013,4
1430425723.708829,6
1430425723.722791,8
1430425723.737823,3
1430425723.752079,7
1430425723.769705,7
1430425723.783962,5
1430425723.798384,6
1430425723.813584,6
1430425723.829603,4
1430425723.847353,6
1430425723.862650,8
1430425723.877717,4
1430425723.891782,6
1430425723.906819,8
1430425723.922459,4
1430425723.937546,6
1430425723.951906,8
1430425723.966774,6
1430425723.980665,6
1430425723.997671,8
1430425724.013026,5
1430425724.028392,6
1430425724.043098,6
1430425724.058107,7
1430425724.074255,6
1430425724.090028,6
1430425724.105241,7
1430425724.119669,4
1430425724.133795,6
1430425724.148989,5
1430425724.164187,6
1430425724.178542,6
1430425724.193955,6
1430425724.207784,6
1430425724.223060,8
1430425724.238934,5
1430425724.253568,7
1430425724.267871,6
1430425724.282717,6
1430425724.297774,6
1430425724.314284,6
1430425724.331904,6
1430425724.346920,6
1430425724.362525,6
1430425724.378009,6
1430425724.392527,6
1430425724.406982,6
1430425724.422722,6
1430425724.437828,6
1430425724.452179,6
1430425724.467000,6
1430425724.481140,6
1430425724.496271,6
1430425724.510799,7
1430425724.525156,6
1430425724.544103,6
1430425724.561015,6
1430425724.576264,7
1430425724.590950,6
1430425724.605377,6
1430425724.620077,7
1430425724.634373,8
1430425724.649639,6
1430425724.664167,6
1430425724.680062,6
1430425724.694220,6
1430425724.709469,8
1430425724.724107,6
1430425724.739798,6
1430425724.755234,10
1430425724.769706,6
1430425724.784329,6
1430425724.799441,8
1430425724.814387,8
1430425724.832306,6
1430425724.849245,5
1430425724.865228,8
1430425724.879698,7
1430425724.896656,6
1430425724.911121,6
1430425724.929028,8
1430425724.944262,8
1430425724.960286,7
1430425724.975535,7
1430425724.989454,6
1430425725.004217,8
1430425725.019098,8
1430425725.033854,7
1430425725.049285,8
1430425725.063527,7
1430425725.078008,8
1430425725.095523,6
1430425725.109893,8
1430425725.125601,7
1430425725.140413,6
1430425725.155336,8
1430425725.169918,7
1430425725.184652,6
1430425725.199282,7
1430425725.214355,8
1430425725.229164,6
1430425725.244560,8
1430425725.259208,7
1430425725.273317,6
1430425725.287524,8
1430425725.303004,7
1430425725.318813,7
1430425725.334064,6
1430425725.349511,8
1430425725.364544,7
1430425725.378952,5
1430425725.394219,7
1430425725.408726,6
1430425725.422862,6
1430425725.437424,8
1430425725.452046,9
1430425725.466114,7
1430425725.480785,8
1430425725.495682,8
1430425725.510409,7
1430425725.525716,7
1430425725.540292,8
1430425725.555422,6
1430425725.575538,5
1430425725.590591,7
1430425725.604728,6
1430425725.623938,7
1430425725.639142,8
1430425725.655501,7
1430425725.670596,6
1430425725.686000,7
1430425725.700481,8
1430425725.714889,4
1430425725.729494,8
1430425725.745886,9
1430425725.761072,5
1430425725.775913,6
1430425725.790276,8
1430425725.805852,6
1430425725.820139,8
1430425725.834117,6
1430425725.849658,8
1430425725.864552,7
1430425725.880112,7
1430425725.893785,6
1430425725.908318,8
1430425725.922586,8
1430425725.938299,7
1430425725.952737,7
1430425725.967914,7
1430425725.982717,6
1430425725.996724,7
1430425726.011328,9
1430425726.026235,6
1430425726.039812,8
1430425726.055957,8
1430425726.070378,6
1430425726.086684,7
1430425726.102140,9
1430425726.116520,6
1430425726.132870,6
1430425726.147225,8
1430425726.162767,6
1430425726.177723,6
1430425726.192838,9
1430425726.206999,4
1430425726.221343,6
1430425726.239336,8
1430425726.253909,6
1430425726.269671,6
1430425726.284558,7
1430425726.299662,7
1430425726.314374,8
1430425726.329315,8
1430425726.344362,8
1430425726.358778,8
1430425726.373026,6
1430425726.389074,7
1430425726.403287,8
1430425726.419505,6
1430425726.433624,8
1430425726.448138,7
1430425726.462361,6
1430425726.476956,6
1430425726.493414,6
1430425726.507923,8
1430425726.522729,5
1430425726.537790,6
1430425726.552276,8
1430425726.566507,6
1430425726.581608,6
1430425726.599953,8
1430425726.614686,6
1430425726.630052,7
1430425726.644573,9
1430425726.658975,5
1430425726.673440,6
1430425726.687584,8
1430425726.703400,6
1430425726.719274,7
1430425726.734012,8
1430425726.749315,6
1430425726.764709,7
1430425726.779441,8
1430425726.793328,7
1430425726.808583,5
1430425726.822990,9
1430425726.837190,8
1430425726.851866,7
1430425726.865988,6
1430425726.879805,8
1430425726.895496,7
1430425726.911136,6
1430425726.926749,9
1430425726.942506,9
1430425726.958264,6
1430425726.973172,7
1430425726.988269,7
1430425727.002689,7
1430425727.017525,7
1430425727.031926,7
1430425727.046667,6
1430425727.060865,7
1430425727.075933,8
1430425727.090038,6
1430425727.105411,7
1430425727.120075,7
1430425727.133998,6
1430425727.149538,8
1430425727.165445,8
1430425727.179947,6
1430425727.194469,6
1430425727.208865,8
1430425727.223833,6
1430425727.239495,7
1430425727.254637,8
1430425727.270633,6
1430425727.286627,9
1430425727.301366,8
1430425727.316461,8
1430425727.332611,6
1430425727.348415,8
1430425727.363912,7
1430425727.379173,7
1430425727.394680,6
1430425727.408991,7
1430425727.425084,6
1430425727.439345,8
1430425727.457855,8
1430425727.472973,7
1430425727.488574,7
1430425727.504205,8
1430425727.524023,5
1430425727.540016,6
1430425727.554884,6
1430425727.570315,6
1430425727.586410,9
1430425727.601929,9
1430425727.616375,6
1430425727.630493,8
1430425727.645927,8
1430425727.660983,4
1430425727.678309,8
1430425727.692362,7
1430425727.710669,6
1430425727.726473,7
1430425727.741049,8
1430425727.755238,6
1430425727.769742,6
1430425727.784624,8
1430425727.799379,6
1430425727.814278,6
1430425727.829826,8
1430425727.845468,6
1430425727.859870,7
1430425727.874763,6
1430425727.893082,0
1430425727.909147,0
1430425727.924014,1
1430425727.938777,0
1430425727.953622,0
1430425727.969324,0
1430425727.984547,0
1430425728.000137,0
1430425728.019374,0
1430425728.035843,0
1430425728.050473,0
1430425728.065418,0
1430425728.083073,0
1430425728.098341,0
1430425728.115350,0
1430425728.134796,0
1430425728.153925,0
1430425728.168965,0
1430425728.188913,0
1430425728.204721,0
1430425728.223512,0
1430425728.240450,0
1430425728.255255,0
1430425728.269882,0
1430425728.284139,0
1430425728.299936,0
1430425728.315157,0
1430425728.331541,0
1430425728.347082,0
1430425728.362372,0
1430425728.383067,0
1430425728.399505,0
1430425728.415961,0
1430425728.434346,0
1430425728.449170,0
1430425728.464311,0
1430425728.479637,0
1430425728.497374,0
1430425728.512483,0
1430425728.532346,0
1430425728.551374,0
1430425728.568493,0
1430425728.583094,0
1430425728.599022,0
1430425728.614199,0
1430425728.628182,0
1430425728.642936,0
1430425728.658094,0
1430425728.672625,0
1430425728.688358,0
1430425728.703020,0
1430425728.721336,0
