1430425791.923309,0
1430425791.938512,2
1430425791.956617,0
1430425791.972267,0
1430425791.986524,0
1430425792.002625,6
1430425792.018721,0
1430425792.032676,2
1430425792.046756,7
1430425792.061325,7
1430425792.076552,4
1430425792.091344,8
1430425792.107473,9
1430425792.122324,10
1430425792.138790,10
1430425792.152990,9
1430425792.167485,8
1430425792.182362,6
1430425792.196633,5
1430425792.211178,8
1430425792.227315,7
1430425792.242027,8
1430425792.256489,8
1430425792.271896,6
1430425792.286119,8
1430425792.302011,6
1430425792.316007,4
1430425792.330515,8
1430425792.344996,6
1430425792.359800,4
1430425792.374639,8
1430425792.389350,6
1430425792.403314,4
1430425792.417744,8
1430425792.432839,5
1430425792.447370,1
1430425792.462532,8
1430425792.476969,6
1430425792.491566,3
1430425792.506764,8
1430425792.520655,6
1430425792.538081,4
1430425792.552696,6
1430425792.567973,3
1430425792.583191,7
1430425792.597991,6
1430425792.612758,1
1430425792.627717,7
1430425792.644002,6
1430425792.658266,3
1430425792.672706,4
1430425792.687698,7
1430425792.702191,6
1430425792.716461,3
1430425792.730632,4
1430425792.745176,7
1430425792.759358,3
1430425792.775710,4
1430425792.789980,8
1430425792.805042,4
1430425792.820987,2
1430425792.837100,6
1430425792.852024,4
1430425792.867042,3
1430425792.883477,5
1430425792.898790,5
1430425792.914610,3
1430425792.929043,2
1430425792.944174,6
1430425792.958513,4
1430425792.972981,5
1430425792.988784,2
1430425793.003979,4
1430425793.018404,6
1430425793.037431,0
1430425793.052947,5
1430425793.068451,5
1430425793.083934,0
1430425793.098627,6
1430425793.112491,6
1430425793.127352,0
1430425793.142884,5
1430425793.157741,6
1430425793.172067,0
1430425793.191017,5
1430425793.208170,3
1430425793.222217,4
1430425793.236782,6
1430425793.252414,4
1430425793.267166,4
1430425793.283981,3
1430425793.299115,2
1430425793.313683,4
1430425793.328790,4
1430425793.344179,2
1430425793.360321,6
1430425793.375362,6
1430425793.390167,2
1430425793.405400,4
1430425793.422440,7
1430425793.437558,2
1430425793.452546,2
1430425793.466648,6
1430425793.480930,2
1430425793.496104,2
1430425793.511710,8
1430425793.526389,4
1430425793.541119,2
1430425793.555618,5
1430425793.570540,4
1430425793.586164,2
1430425793.600331,4
1430425793.615655,5
1430425793.629576,4
1430425793.643988,4
1430425793.658435,4
1430425793.673676,4
1430425793.688325,4
1430425793.702542,3
1430425793.717727,4
1430425793.732832,4
1430425793.749104,2
1430425793.763596,5
1430425793.778626,3
1430425793.794969,2
1430425793.810587,4
1430425793.826740,4
1430425793.840707,4
1430425793.856052,4
1430425793.871089,2
1430425793.885428,4
1430425793.900556,5
1430425793.915728,2
1430425793.931624,4
1430425793.945846,7
1430425793.961311,2
1430425793.980243,4
1430425793.996718,4
1430425794.011134,4
1430425794.027173,4
1430425794.041520,2
1430425794.056961,4
1430425794.072237,5
1430425794.087060,4
1430425794.103593,3
1430425794.122164,6
1430425794.138309,2
1430425794.152685,4
1430425794.166930,4
1430425794.183133,3
1430425794.198727,4
1430425794.213603,4
1430425794.228193,4
1430425794.242998,4
1430425794.257272,4
1430425794.273618,4
1430425794.289207,4
1430425794.303766,4
1430425794.324067,5
1430425794.340984,6
1430425794.355154,4
1430425794.370500,4
1430425794.384840,4
1430425794.399220,4
1430425794.418140,4
1430425794.432449,5
1430425794.448075,4
1430425794.462331,5
1430425794.476800,4
1430425794.491799,4
1430425794.507342,6
1430425794.522879,4
1430425794.537307,4
1430425794.551352,6
1430425794.566180,4
1430425794.581065,4
1430425794.596607,6
1430425794.612373,4
1430425794.627877,4
1430425794.644455,8
1430425794.659669,4
1430425794.674322,2
1430425794.689861,7
1430425794.704403,6
1430425794.719098,2
1430425794.733696,9
1430425794.748727,7
1430425794.762613,2
1430425794.778320,7
1430425794.793764,5
1430425794.808677,4
1430425794.825285,7
1430425794.840159,4
1430425794.854407,4
1430425794.868517,8
1430425794.883624,5
1430425794.897415,4
1430425794.913540,6
1430425794.927770,5
1430425794.942841,5
1430425794.957599,5
1430425794.972225,6
1430425794.986787,4
1430425795.002214,6
1430425795.017423,7
1430425795.034181,4
1430425795.049733,6
1430425795.064094,7
1430425795.078720,4
1430425795.093052,6
1430425795.107638,7
1430425795.121647,4
1430425795.136726,6
1430425795.151643,8
1430425795.168228,4
1430425795.189055,6
1430425795.205675,6
1430425795.219802,5
1430425795.234552,6
1430425795.250567,6
1430425795.264497,6
1430425795.280192,6
1430425795.295728,5
1430425795.319131,6
1430425795.334273,7
1430425795.352373,7
1430425795.367350,6
1430425795.387243,6
1430425795.404521,8
1430425795.419194,6
1430425795.434163,7
1430425795.448967,8
1430425795.463283,4
1430425795.477646,6
1430425795.492385,8
1430425795.507749,4
1430425795.523177,6
1430425795.538489,7
1430425795.553430,4
1430425795.567348,9
1430425795.581674,5
1430425795.596332,4
1430425795.611186,10
1430425795.625954,7
1430425795.640060,6
1430425795.654569,9
1430425795.669349,6
1430425795.683679,6
1430425795.697776,9
1430425795.712794,7
1430425795.726963,4
1430425795.741330,6
1430425795.757336,8
1430425795.772106,5
1430425795.786142,6
1430425795.800279,8
1430425795.815488,6
1430425795.831378,7
1430425795.845482,7
1430425795.860085,6
1430425795.874144,8
1430425795.890712,7
1430425795.904362,6
1430425795.918400,6
1430425795.932849,8
1430425795.947570,7
1430425795.962701,9
1430425795.977008,9
1430425795.991413,6
1430425796.005459,8
1430425796.019369,8
1430425796.034082,6
1430425796.048504,8
1430425796.064086,9
1430425796.078389,6
1430425796.093174,8
1430425796.108410,8
1430425796.123496,6
1430425796.138228,7
1430425796.153214,6
1430425796.167841,8
1430425796.183247,7
1430425796.197808,8
1430425796.212245,7
1430425796.226698,8
1430425796.241208,9
1430425796.256294,7
1430425796.271444,7
1430425796.286756,8
1430425796.303506,7
1430425796.318217,8
1430425796.332350,8
1430425796.347324,6
1430425796.362234,8
1430425796.377229,7
1430425796.391528,7
1430425796.405756,7
1430425796.420495,9
1430425796.435235,8
1430425796.449827,7
1430425796.465835,9
1430425796.481333,8
1430425796.495665,8
1430425796.510380,9
1430425796.524510,8
1430425796.540054,8
1430425796.556200,8
1430425796.571030,8
1430425796.585943,8
1430425796.600967,8
1430425796.616508,9
1430425796.632247,6
1430425796.646854,9
1430425796.661647,8
1430425796.675907,8
1430425796.690963,8
1430425796.705864,8
1430425796.720261,8
1430425796.735380,8
1430425796.749464,9
1430425796.765191,9
1430425796.779160,9
1430425796.793930,9
1430425796.810792,8
1430425796.825576,8
1430425796.840379,9
1430425796.856078,9
1430425796.871379,8
1430425796.885622,8
1430425796.900117,8
1430425796.913373,9
1430425796.927655,8
1430425796.942211,9
1430425796.957809,10
1430425796.972230,9
1430425796.987450,9
1430425797.001992,9
1430425797.017384,8
1430425797.034169,9
1430425797.050300,9
1430425797.068303,9
1430425797.083529,9
1430425797.098928,10
1430425797.113365,10
1430425797.128553,9
1430425797.144010,9
1430425797.158432,9
1430425797.173087,10
1430425797.188155,9
1430425797.202250,9
1430425797.217078,10
1430425797.232155,10
1430425797.248139,9
1430425797.262491,10
1430425797.276669,10
1430425797.291391,10
1430425797.306673,9
1430425797.322143,9
1430425797.337896,9
1430425797.352283,8
1430425797.367475,9
1430425797.383700,9
1430425797.399376,9
1430425797.416077,9
1430425797.430062,9
1430425797.445725,8
1430425797.461001,9
1430425797.477116,8
1430425797.492511,9
1430425797.508479,10
1430425797.523329,10
1430425797.537541,9
1430425797.552803,10
1430425797.568420,10
1430425797.584341,10
1430425797.598978,10
1430425797.614908,10
1430425797.629220,10
1430425797.644062,8
1430425797.658606,7
1430425797.672808,9
1430425797.688154,9
1430425797.702641,8
1430425797.716637,8
1430425797.732310,8
1430425797.747367,9
1430425797.763049,6
1430425797.777702,8
1430425797.792600,8
1430425797.807594,6
1430425797.822309,9
1430425797.837998,9
1430425797.852461,9
1430425797.868282,9
1430425797.882869,7
1430425797.898016,8
1430425797.912257,6
1430425797.928445,9
1430425797.943433,8
1430425797.961345,10
1430425797.976242,9
1430425797.991237,8
1430425798.008491,7
1430425798.023850,8
1430425798.038523,7
1430425798.052607,6
1430425798.068437,7
1430425798.082754,7
1430425798.096886,5
1430425798.113139,8
1430425798.128035,8
1430425798.144441,7
1430425798.159872,8
1430425798.175318,8
1430425798.189049,7
1430425798.203134,4
1430425798.217622,6
1430425798.232186,8
1430425798.248740,8
1430425798.264571,8
1430425798.279555,8
1430425798.294434,7
1430425798.308523,7
1430425798.326962,7
1430425798.341235,8
1430425798.355837,7
1430425798.370281,6
1430425798.384380,8
1430425798.398965,7
1430425798.414420,6
1430425798.430011,7
1430425798.445503,8
1430425798.465641,6
1430425798.480969,6
1430425798.495644,7
1430425798.510764,8
1430425798.525303,6
1430425798.541302,6
1430425798.556248,10
1430425798.571745,6
1430425798.586229,8
1430425798.600540,7
1430425798.616052,7
1430425798.630589,6
1430425798.644447,8
1430425798.659055,6
1430425798.675047,8
1430425798.689426,6
1430425798.703255,6
1430425798.718192,8
1430425798.733932,6
1430425798.749116,6
1430425798.764288,7
1430425798.780460,7
1430425798.795404,6
1430425798.811968,6
1430425798.826774,7
1430425798.841894,6
1430425798.857014,6
1430425798.876059,7
1430425798.890290,6
1430425798.906590,6
1430425798.920716,7
1430425798.941952,8
1430425798.958093,7
1430425798.972347,6
1430425798.986655,7
1430425799.005299,8
1430425799.018869,6
1430425799.034592,6
1430425799.049688,8
1430425799.070599,7
1430425799.086844,6
1430425799.101250,6
1430425799.115536,7
1430425799.130814,5
1430425799.145775,6
1430425799.160139,6
1430425799.174522,6
1430425799.188690,5
1430425799.202979,6
1430425799.217364,6
1430425799.232131,7
1430425799.248143,8
1430425799.263819,6
1430425799.278745,5
1430425799.298687,7
1430425799.314134,10
1430425799.329350,4
1430425799.344399,5
1430425799.358675,8
1430425799.373852,4
1430425799.388514,6
1430425799.403489,8
1430425799.418113,4
1430425799.433104,6
1430425799.448521,8
1430425799.464560,5
1430425799.479524,6
1430425799.494485,7
1430425799.510245,6
1430425799.525235,4
1430425799.539341,6
1430425799.553042,9
1430425799.568147,8
1430425799.583566,6
1430425799.598790,7
1430425799.613676,8
1430425799.627744,4
1430425799.642721,6
1430425799.657042,6
1430425799.675364,8
1430425799.691138,7
1430425799.706860,7
1430425799.721884,7
1430425799.736561,6
1430425799.750730,6
1430425799.764699,7
1430425799.778992,4
1430425799.794126,8
1430425799.808573,7
1430425799.823491,4
1430425799.839157,8
1430425799.853992,9
1430425799.868915,6
1430425799.883943,7
1430425799.900767,7
1430425799.916170,7
1430425799.930282,4
1430425799.947933,7
1430425799.962302,7
1430425799.976586,4
1430425799.990614,8
1430425800.006185,6
1430425800.020741,4
1430425800.035448,7
1430425800.049941,6
1430425800.065378,6
1430425800.080735,7
1430425800.096268,5
1430425800.111351,7
1430425800.126118,7
1430425800.140445,8
1430425800.155800,6
1430425800.171080,5
1430425800.189730,7
1430425800.204667,6
1430425800.218703,6
1430425800.233429,5
1430425800.248099,6
1430425800.262793,7
1430425800.277769,6
1430425800.292812,6
1430425800.307468,5
1430425800.323231,7
1430425800.337932,7
1430425800.353817,5
1430425800.368847,7
1430425800.385273,4
1430425800.399964,6
1430425800.416440,8
1430425800.431316,5
1430425800.448157,6
1430425800.464220,7
1430425800.478374,6
1430425800.493096,4
1430425800.508140,6
1430425800.523589,8
1430425800.539157,4
1430425800.553743,8
1430425800.569351,6
1430425800.583472,4
1430425800.598759,8
1430425800.612756,6
1430425800.626755,4
1430425800.641816,8
1430425800.660675,7
1430425800.675241,4
1430425800.692433,8
1430425800.708372,7
1430425800.722860,6
1430425800.738453,6
1430425800.753034,6
1430425800.767236,6
1430425800.786666,6
1430425800.800862,6
1430425800.816317,6
1430425800.834979,6
1430425800.850236,7
1430425800.865998,6
1430425800.882902,5
1430425800.897780,5
1430425800.912757,8
1430425800.927579,6
1430425800.942382,6
1430425800.957442,5
1430425800.971803,9
1430425800.987499,6
1430425801.001440,4
1430425801.017964,6
1430425801.033067,7
1430425801.047487,5
1430425801.064525,6
1430425801.079297,7
1430425801.094294,4
1430425801.113753,6
1430425801.128520,9
1430425801.143819,6
1430425801.158041,5
1430425801.173612,7
1430425801.189492,7
1430425801.203582,6
1430425801.220093,7
1430425801.236405,7
1430425801.251095,5
1430425801.266726,6
1430425801.284380,8
1430425801.300125,6
1430425801.316147,5
1430425801.330846,8
1430425801.346552,7
1430425801.362208,4
1430425801.377088,7
1430425801.391888,7
1430425801.407791,4
1430425801.423155,7
1430425801.440603,7
1430425801.456337,4
1430425801.470831,7
1430425801.486538,6
1430425801.500895,6
1430425801.516891,4
1430425801.531358,8
1430425801.545941,4
1430425801.560027,6
1430425801.575452,6
1430425801.589472,6
1430425801.605775,5
1430425801.623732,8
1430425801.637739,7
1430425801.653481,5
1430425801.668596,6
1430425801.683100,7
1430425801.697089,8
1430425801.712166,6
1430425801.728028,7
1430425801.742311,4
1430425801.757322,6
1430425801.771273,8
1430425801.786236,3
1430425801.800438,7
1430425801.816941,8
1430425801.831805,5
1430425801.848388,8
1430425801.862523,6
1430425801.877092,2
1430425801.891524,9
1430425801.907428,9
1430425801.921721,2
1430425801.935880,8
1430425801.950179,8
1430425801.964902,2
1430425801.978819,8
1430425801.993774,9
1430425802.008284,4
1430425802.022495,9
1430425802.037291,8
1430425802.051926,10
1430425802.066940,14
1430425802.082879,13
1430425802.097843,12
1430425802.113726,20
1430425802.128764,20
1430425802.145545,25
1430425802.159661,27
1430425802.176438,32
1430425802.193770,37
1430425802.213065,33
1430425802.230322,34
1430425802.244380,33
1430425802.259488,33
1430425802.273577,34
1430425802.287831,30
1430425802.302556,32
1430425802.317027,25
1430425802.332154,25
1430425802.348144,27
1430425802.363301,26
1430425802.378419,27
1430425802.392795,28
1430425802.408612,25
1430425802.424360,25
1430425802.438958,25
1430425802.453104,24
1430425802.468619,23
1430425802.482326,24
1430425802.497325,24
1430425802.513795,22
1430425802.528259,25
1430425802.543220,20
1430425802.557757,23
1430425802.573065,19
1430425802.589078,26
1430425802.603985,21
1430425802.618325,18
1430425802.633675,21
1430425802.649396,20
1430425802.665399,19
1430425802.679774,19
1430425802.694314,17
1430425802.708843,15
1430425802.723936,15
1430425802.739448,19
1430425802.753637,16
1430425802.769060,17
1430425802.785162,17
1430425802.799770,14
1430425802.814389,13
1430425802.828928,14
1430425802.843943,12
1430425802.858347,9
1430425802.873332,10
1430425802.887723,11
1430425802.902064,12
1430425802.917520,11
1430425802.931903,10
1430425802.947350,8
1430425802.962050,11
1430425802.976092,9
1430425802.990904,11
1430425803.006095,6
1430425803.020078,10
1430425803.034899,10
1430425803.048811,8
1430425803.064263,7
1430425803.079338,9
1430425803.093515,8
1430425803.107993,9
1430425803.122838,6
1430425803.140033,6
1430425803.154426,10
1430425803.168995,12
1430425803.183824,4
1430425803.199734,10
1430425803.214219,11
1430425803.229429,4
1430425803.244539,9
1430425803.260415,10
1430425803.280929,6
1430425803.297955,10
1430425803.312142,8
1430425803.327924,7
1430425803.342400,8
1430425803.358351,8
1430425803.373057,5
1430425803.387719,9
1430425803.402380,8
1430425803.417605,4
1430425803.432313,9
1430425803.446640,7
1430425803.462028,5
1430425803.476884,8
1430425803.491063,6
1430425803.506454,6
1430425803.520652,7
1430425803.536207,7
1430425803.550865,7
1430425803.569383,10
1430425803.583087,8
1430425803.597678,6
1430425803.612382,7
1430425803.627262,7
1430425803.642544,4
1430425803.657307,7
1430425803.671554,8
1430425803.686718,5
1430425803.701256,9
1430425803.716049,10
1430425803.730035,5
1430425803.745780,9
1430425803.761704,8
1430425803.776243,5
1430425803.790631,7
1430425803.804917,7
1430425803.819308,4
1430425803.833118,7
1430425803.847906,9
1430425803.863519,5
1430425803.877865,8
1430425803.891583,9
1430425803.905493,6
1430425803.920286,7
1430425803.934281,8
1430425803.948489,5
1430425803.963773,9
1430425803.978182,7
1430425803.992710,6
1430425804.007689,6
1430425804.023149,8
1430425804.037533,6
1430425804.052810,6
1430425804.067995,5
1430425804.083640,9
1430425804.099333,10
1430425804.115947,5
1430425804.130067,8
1430425804.146217,9
1430425804.160493,6
1430425804.177440,7
1430425804.191306,8
1430425804.206190,6
1430425804.221407,6
1430425804.236271,8
1430425804.251035,7
1430425804.265626,7
1430425804.279961,7
1430425804.296807,10
1430425804.311878,7
1430425804.327023,7
1430425804.342291,7
1430425804.356830,7
1430425804.370962,8
1430425804.385427,7
1430425804.400783,9
1430425804.415807,7
1430425804.430083,8
1430425804.445945,8
1430425804.460051,6
1430425804.475609,7
1430425804.491093,7
1430425804.507644,6
1430425804.521493,6
1430425804.536886,9
1430425804.553472,6
1430425804.568620,6
1430425804.583805,11
1430425804.598727,7
1430425804.613103,6
1430425804.626799,8
1430425804.641553,6
1430425804.657502,4
1430425804.671874,11
1430425804.686265,9
1430425804.701247,6
1430425804.715791,10
1430425804.730665,6
1430425804.745157,8
1430425804.759551,10
1430425804.775048,7
1430425804.788901,8
1430425804.804298,11
1430425804.820822,9
1430425804.836981,8
1430425804.851355,7
1430425804.866837,9
1430425804.880886,8
1430425804.896076,9
1430425804.911532,8
1430425804.926834,8
1430425804.941807,8
1430425804.958111,13
1430425804.972802,11
1430425804.987321,10
1430425805.001551,10
1430425805.015919,9
1430425805.030474,10
1430425805.045402,9
1430425805.060975,8
1430425805.076564,9
1430425805.091337,11
1430425805.106369,10
1430425805.121294,10
1430425805.136058,8
1430425805.150132,8
1430425805.164702,10
1430425805.179729,8
1430425805.194958,8
1430425805.210355,10
1430425805.224920,10
1430425805.239149,13
1430425805.253432,14
1430425805.268448,11
1430425805.285398,13
1430425805.299912,13
1430425805.316403,12
1430425805.330440,12
1430425805.345511,11
1430425805.360455,9
1430425805.374639,9
1430425805.389136,10
1430425805.403788,11
1430425805.417531,11
1430425805.432514,13
1430425805.448396,12
1430425805.463134,12
1430425805.478654,12
1430425805.493274,10
1430425805.508068,9
1430425805.522825,12
1430425805.537845,11
1430425805.552980,12
1430425805.567179,12
1430425805.582481,12
1430425805.597345,14
1430425805.611785,12
1430425805.626199,11
1430425805.641767,10
1430425805.655766,10
1430425805.670523,11
1430425805.685169,12
1430425805.699306,12
1430425805.715532,13
1430425805.729851,13
1430425805.745400,14
1430425805.759284,15
1430425805.773596,12
1430425805.788544,14
1430425805.803653,13
1430425805.817843,13
1430425805.835504,15
1430425805.851336,14
1430425805.866324,14
1430425805.881124,14
1430425805.895758,13
1430425805.910659,14
1430425805.925695,14
1430425805.941290,12
1430425805.955774,15
1430425805.970761,14
1430425805.984995,14
1430425806.000277,15
1430425806.014592,13
1430425806.029111,13
1430425806.043970,14
1430425806.059444,13
1430425806.074208,13
1430425806.090066,13
1430425806.104543,13
1430425806.120213,14
1430425806.134648,13
1430425806.149051,17
1430425806.164028,14
1430425806.180079,13
1430425806.194874,15
1430425806.209958,13
1430425806.224295,12
1430425806.238711,13
1430425806.253247,12
1430425806.267281,14
1430425806.281982,14
1430425806.296541,15
1430425806.310867,13
1430425806.325260,13
1430425806.340617,13
1430425806.355164,13
1430425806.369753,12
1430425806.383952,14
1430425806.400053,18
1430425806.415131,21
1430425806.429796,18
1430425806.444489,14
1430425806.460107,15
1430425806.474718,16
1430425806.490507,16
1430425806.505603,16
1430425806.519675,19
1430425806.540248,18
1430425806.554492,11
1430425806.573260,11
1430425806.588181,16
1430425806.602413,13
1430425806.617598,13
1430425806.632798,12
1430425806.650345,12
1430425806.665221,14
1430425806.679762,14
1430425806.694156,14
1430425806.710924,14
1430425806.726041,13
1430425806.740741,11
1430425806.757419,9
1430425806.772420,8
1430425806.787138,8
1430425806.802003,9
1430425806.818404,14
1430425806.832832,15
1430425806.847781,5
1430425806.863559,10
1430425806.878205,9
1430425806.893591,10
1430425806.908948,10
1430425806.926384,9
1430425806.941357,13
1430425806.956253,7
1430425806.971241,10
1430425806.985817,11
1430425807.000510,9
1430425807.014687,8
1430425807.029597,8
1430425807.044125,9
1430425807.059700,7
1430425807.074457,10
1430425807.090779,11
1430425807.109227,9
1430425807.123854,9
1430425807.138076,4
1430425807.153415,10
1430425807.167575,10
1430425807.182296,4
1430425807.197226,10
1430425807.211328,10
1430425807.226660,8
1430425807.241594,12
1430425807.257982,9
1430425807.272823,7
1430425807.287761,9
1430425807.301700,10
1430425807.316083,10
1430425807.330679,9
1430425807.346432,7
1430425807.363008,8
1430425807.377582,8
1430425807.391969,8
1430425807.406596,11
1430425807.422083,7
1430425807.435694,7
1430425807.451002,9
1430425807.465874,8
1430425807.481529,4
1430425807.497383,9
1430425807.511434,9
1430425807.525929,8
1430425807.540879,10
1430425807.556692,10
1430425807.571183,8
1430425807.585353,10
1430425807.600042,9
1430425807.615352,7
1430425807.629822,9
1430425807.643709,10
1430425807.657857,9
1430425807.673458,9
1430425807.689312,10
1430425807.703961,6
1430425807.718545,8
1430425807.733836,9
1430425807.750057,7
1430425807.767013,9
1430425807.781958,9
1430425807.797528,10
1430425807.813738,9
1430425807.828460,9
1430425807.842753,8
1430425807.858436,8
1430425807.872445,8
1430425807.887471,8
1430425807.901033,8
1430425807.918095,9
1430425807.932239,8
1430425807.946495,8
1430425807.963434,11
1430425807.978770,10
1430425807.993910,6
1430425808.008887,7
1430425808.023056,8
1430425808.037586,6
1430425808.053549,6
1430425808.073835,10
1430425808.089180,9
1430425808.103081,10
1430425808.118555,9
1430425808.133521,9
1430425808.150920,9
1430425808.166270,8
1430425808.181988,6
1430425808.197587,8
1430425808.213717,10
1430425808.229010,12
1430425808.243765,9
1430425808.259753,10
1430425808.275392,10
1430425808.290418,8
1430425808.306489,9
1430425808.321444,11
1430425808.335886,9
1430425808.351222,7
1430425808.366701,9
1430425808.381820,11
1430425808.397907,10
1430425808.412470,10
1430425808.427338,8
1430425808.442572,8
1430425808.460235,12
1430425808.475771,10
1430425808.490830,11
1430425808.505673,9
1430425808.520146,9
1430425808.535014,10
1430425808.550222,8
1430425808.566013,12
1430425808.584727,14
1430425808.600698,12
1430425808.614822,11
1430425808.630131,10
1430425808.646721,9
1430425808.662625,10
1430425808.678952,11
1430425808.693455,10
1430425808.708216,12
1430425808.722573,10
1430425808.737126,9
1430425808.751144,9
1430425808.765498,11
1430425808.780392,10
1430425808.796283,10
1430425808.812278,8
1430425808.827282,10
1430425808.841486,11
1430425808.856716,9
1430425808.870900,9
1430425808.886616,9
1430425808.901685,10
1430425808.916868,9
1430425808.931823,7
1430425808.947062,11
1430425808.962100,11
1430425808.977008,11
1430425808.991917,11
1430425809.007368,11
1430425809.021607,10
1430425809.036948,10
1430425809.051326,11
1430425809.066831,10
1430425809.083232,12
1430425809.097968,13
1430425809.112486,12
1430425809.127489,10
1430425809.141520,13
1430425809.156385,13
1430425809.171400,11
1430425809.186623,12
1430425809.201687,8
1430425809.216134,10
1430425809.231358,12
1430425809.248395,12
1430425809.265241,13
1430425809.279691,13
1430425809.295420,14
1430425809.310274,14
1430425809.324696,11
1430425809.339448,14
1430425809.353590,12
1430425809.369089,13
1430425809.384208,15
1430425809.401846,12
1430425809.417371,14
1430425809.432412,12
1430425809.447801,11
1430425809.462413,10
1430425809.481204,15
1430425809.495168,16
1430425809.511293,13
1430425809.525538,12
1430425809.540404,9
1430425809.554923,13
1430425809.569158,9
1430425809.584515,12
1430425809.599709,11
1430425809.614895,14
1430425809.629090,14
1430425809.644062,12
1430425809.661519,11
1430425809.675843,11
1430425809.692003,8
1430425809.706668,9
1430425809.721935,10
1430425809.737136,12
1430425809.751335,13
1430425809.766385,15
1430425809.780333,11
1430425809.796851,12
1430425809.811570,10
1430425809.826987,11
1430425809.841718,13
1430425809.859204,13
1430425809.874600,9
1430425809.889671,10
1430425809.904903,13
1430425809.924728,11
1430425809.939019,9
1430425809.953518,8
1430425809.968744,14
1430425809.982723,11
1430425809.999494,12
1430425810.014590,9
1430425810.030456,8
1430425810.045058,10
1430425810.060609,11
1430425810.074548,11
1430425810.088831,9
1430425810.103047,9
1430425810.118591,8
1430425810.134239,8
1430425810.148586,9
1430425810.164459,8
1430425810.179764,7
1430425810.194255,10
1430425810.208529,8
1430425810.222687,11
1430425810.237851,9
1430425810.252583,6
1430425810.268469,11
1430425810.282466,9
1430425810.297389,9
1430425810.311850,10
1430425810.326392,9
1430425810.341287,11
1430425810.355992,10
1430425810.371294,7
1430425810.386084,9
1430425810.400288,11
1430425810.416102,8
1430425810.431356,5
1430425810.445699,10
1430425810.460239,11
1430425810.474527,6
1430425810.490383,11
1430425810.506300,11
1430425810.521821,8
1430425810.537383,10
1430425810.553008,10
1430425810.568159,9
1430425810.582941,8
1430425810.598777,11
1430425810.613183,10
1430425810.629271,9
1430425810.645530,11
1430425810.659901,11
1430425810.674552,8
1430425810.689329,8
1430425810.703113,8
1430425810.718493,9
1430425810.734502,9
1430425810.749835,8
1430425810.764294,8
1430425810.779758,8
1430425810.796888,11
1430425810.811290,11
1430425810.828320,7
1430425810.842758,7
1430425810.857711,10
1430425810.872262,12
1430425810.886814,8
1430425810.901669,11
1430425810.916046,10
1430425810.930603,8
1430425810.945014,9
1430425810.961043,11
1430425810.975768,10
1430425810.990900,8
1430425811.004456,11
1430425811.020063,7
1430425811.034327,8
1430425811.049021,10
1430425811.063963,7
1430425811.078648,9
1430425811.094194,8
1430425811.108704,8
1430425811.123053,8
1430425811.137254,8
1430425811.151649,9
1430425811.167917,8
1430425811.182396,9
1430425811.196830,10
1430425811.211795,7
1430425811.226457,10
1430425811.241542,10
1430425811.256852,8
1430425811.272980,8
1430425811.287855,13
1430425811.303373,12
1430425811.322281,8
1430425811.337475,12
1430425811.351716,9
1430425811.367263,10
1430425811.381486,8
1430425811.397641,8
1430425811.411923,9
1430425811.426779,11
1430425811.441312,9
1430425811.456973,8
1430425811.471801,9
1430425811.486784,8
1430425811.503324,8
1430425811.517836,11
1430425811.532917,10
1430425811.548866,11
1430425811.562639,9
1430425811.576789,8
1430425811.591310,10
1430425811.605651,8
1430425811.619985,9
1430425811.633875,7
1430425811.650124,12
1430425811.663829,10
1430425811.679189,5
1430425811.694052,9
1430425811.708359,9
1430425811.723024,9
1430425811.737204,11
1430425811.752656,9
1430425811.767614,9
1430425811.782985,8
1430425811.797459,13
1430425811.812807,13
1430425811.829729,13
1430425811.844352,11
1430425811.861117,7
1430425811.876070,10
1430425811.890228,11
1430425811.907205,12
1430425811.921143,12
1430425811.936577,9
1430425811.950665,11
1430425811.966123,9
1430425811.981548,9
1430425811.997195,7
1430425812.011782,10
1430425812.026308,11
1430425812.040355,8
1430425812.055219,9
1430425812.070336,8
1430425812.085289,8
1430425812.099918,11
1430425812.114365,10
1430425812.129673,7
1430425812.144374,9
1430425812.159468,10
1430425812.174220,10
1430425812.190092,9
1430425812.204520,9
1430425812.220332,11
1430425812.235704,11
1430425812.250964,11
1430425812.266219,9
1430425812.282064,7
1430425812.297345,9
1430425812.311537,10
1430425812.326286,8
1430425812.342015,10
1430425812.356806,8
1430425812.372145,9
1430425812.386951,11
1430425812.401169,11
1430425812.415994,9
1430425812.430811,9
1430425812.445537,12
1430425812.460549,11
1430425812.475816,10
1430425812.489976,12
1430425812.505579,11
1430425812.520186,13
1430425812.534395,11
1430425812.548686,11
1430425812.563206,11
1430425812.577160,13
1430425812.591469,9
1430425812.606230,12
1430425812.621437,13
1430425812.637876,13
1430425812.652461,13
1430425812.668966,15
1430425812.684255,13
1430425812.698024,14
1430425812.713517,13
1430425812.729072,13
1430425812.743183,14
1430425812.757369,15
1430425812.772742,15
1430425812.787386,13
1430425812.801694,13
1430425812.815555,14
1430425812.830075,14
1430425812.844373,13
1430425812.859084,13
1430425812.873111,14
1430425812.887419,12
1430425812.902361,13
1430425812.917662,14
1430425812.933377,14
1430425812.948240,13
1430425812.962841,15
1430425812.977121,14
1430425812.992898,14
1430425813.008409,13
1430425813.024696,13
1430425813.039887,14
1430425813.054711,16
1430425813.070650,14
1430425813.087269,14
1430425813.101415,13
1430425813.116666,14
1430425813.135821,17
1430425813.149813,21
1430425813.165366,16
1430425813.181508,13
1430425813.196732,11
1430425813.212556,11
1430425813.226960,10
1430425813.241525,11
1430425813.255791,16
1430425813.269920,14
1430425813.284665,14
1430425813.300352,15
1430425813.315351,15
1430425813.330899,10
1430425813.344490,11
1430425813.360228,10
1430425813.377582,11
1430425813.392240,13
1430425813.407242,9
1430425813.423739,9
1430425813.439665,13
1430425813.453858,11
1430425813.468604,9
1430425813.482391,8
1430425813.496477,8
1430425813.512507,11
1430425813.526691,8
1430425813.541175,9
1430425813.556985,12
1430425813.572045,7
1430425813.586983,10
1430425813.600911,10
1430425813.615658,10
1430425813.630428,8
1430425813.644380,10
1430425813.658694,8
1430425813.675414,8
1430425813.690351,11
1430425813.704665,11
1430425813.719726,11
1430425813.733727,8
1430425813.748645,7
1430425813.763314,10
1430425813.777435,5
1430425813.792863,9
1430425813.807981,10
1430425813.825516,8
1430425813.840042,9
1430425813.855558,10
1430425813.870557,13
1430425813.887350,10
1430425813.903145,10
1430425813.917633,11
1430425813.935992,11
1430425813.950229,10
1430425813.965995,8
1430425813.979817,7
1430425813.995273,11
1430425814.010118,16
1430425814.025669,9
1430425814.040877,7
1430425814.058055,9
1430425814.072464,10
1430425814.086798,5
1430425814.103142,11
1430425814.117926,8
1430425814.133498,6
1430425814.148134,8
1430425814.163108,11
1430425814.177637,10
1430425814.193037,10
1430425814.208760,8
1430425814.223329,9
1430425814.239995,8
1430425814.255449,9
1430425814.269999,7
1430425814.286227,10
1430425814.303222,13
1430425814.317912,12
1430425814.333078,5
1430425814.347377,9
1430425814.361204,10
1430425814.376736,8
1430425814.392060,8
1430425814.407975,9
1430425814.422906,9
1430425814.438227,9
1430425814.454675,11
1430425814.469619,12
1430425814.484087,10
1430425814.499468,8
1430425814.515078,8
1430425814.531191,8
1430425814.546316,6
1430425814.561914,7
1430425814.576646,10
1430425814.591283,10
1430425814.606438,7
1430425814.621111,9
1430425814.635108,10
1430425814.649223,8
1430425814.665065,6
1430425814.678966,10
1430425814.693429,11
1430425814.708298,12
1430425814.722531,6
1430425814.738001,7
1430425814.753292,12
1430425814.767881,13
1430425814.782346,9
1430425814.796970,8
1430425814.811677,6
1430425814.827344,8
1430425814.842841,9
1430425814.861606,9
1430425814.876620,8
1430425814.891890,9
1430425814.906444,9
1430425814.921732,9
1430425814.936349,8
1430425814.951953,7
1430425814.966172,8
1430425814.981189,8
1430425814.996090,8
1430425815.011128,9
1430425815.026009,8
1430425815.040908,9
1430425815.057068,9
1430425815.072457,9
1430425815.088242,8
1430425815.102738,10
1430425815.116683,8
1430425815.131136,8
1430425815.145731,8
1430425815.162714,8
1430425815.178339,8
1430425815.194346,7
1430425815.209741,8
1430425815.225612,9
1430425815.239938,10
1430425815.253783,9
1430425815.270780,9
1430425815.286662,10
1430425815.302091,8
1430425815.317775,12
1430425815.332085,11
1430425815.346975,9
1430425815.362099,10
1430425815.376483,10
1430425815.392219,13
1430425815.406943,10
1430425815.421460,6
1430425815.435700,10
1430425815.450032,11
1430425815.464577,9
1430425815.479645,8
1430425815.493869,8
1430425815.508806,10
1430425815.523325,10
1430425815.538368,9
1430425815.553019,9
1430425815.566924,8
1430425815.581576,8
1430425815.596102,9
1430425815.610630,10
1430425815.625644,9
1430425815.639857,10
1430425815.655107,9
1430425815.670736,9
1430425815.686092,10
1430425815.701672,9
1430425815.716294,10
1430425815.731743,10
1430425815.748906,14
1430425815.762956,12
1430425815.777320,11
1430425815.792830,10
1430425815.807434,11
1430425815.823464,11
1430425815.838285,10
1430425815.852814,8
1430425815.868334,10
1430425815.884618,8
1430425815.898729,12
1430425815.912593,12
1430425815.927559,13
1430425815.942508,13
1430425815.957261,9
1430425815.972136,11
1430425815.987848,16
1430425816.002239,12
1430425816.017422,13
1430425816.031826,11
1430425816.046826,9
1430425816.060991,12
1430425816.077605,11
1430425816.092291,10
1430425816.108859,12
1430425816.123342,13
1430425816.137841,12
1430425816.153557,7
1430425816.168250,9
1430425816.183697,10
1430425816.198934,10
1430425816.213729,12
1430425816.228669,10
1430425816.243150,10
1430425816.257234,9
1430425816.271932,10
1430425816.287231,10
1430425816.301826,10
1430425816.316163,10
1430425816.330515,10
1430425816.344727,10
1430425816.359937,10
1430425816.374643,10
1430425816.391828,11
1430425816.406312,11
1430425816.421062,11
1430425816.435582,10
1430425816.450554,9
1430425816.465739,9
1430425816.479614,10
1430425816.494053,11
1430425816.508379,9
1430425816.523146,11
1430425816.538437,11
1430425816.553478,12
1430425816.568156,11
1430425816.583240,10
1430425816.598324,10
1430425816.612484,9
1430425816.627386,12
1430425816.641820,12
1430425816.656774,12
1430425816.671415,14
1430425816.685878,8
1430425816.700411,13
1430425816.716718,10
1430425816.732558,11
1430425816.747080,12
1430425816.762134,10
1430425816.778679,9
1430425816.792546,10
1430425816.807506,9
1430425816.821654,11
1430425816.838543,12
1430425816.853396,12
1430425816.867394,13
1430425816.882035,13
1430425816.896246,14
1430425816.910708,11
1430425816.929741,13
1430425816.944053,12
1430425816.957998,12
1430425816.972358,12
1430425816.986235,15
1430425817.000739,14
1430425817.015388,11
1430425817.030490,11
1430425817.045127,12
1430425817.060511,14
1430425817.075608,15
1430425817.089691,14
1430425817.104238,12
1430425817.119170,15
1430425817.133937,13
1430425817.148986,15
1430425817.162532,12
1430425817.178384,12
1430425817.193661,12
1430425817.208186,12
1430425817.222794,13
1430425817.236973,12
1430425817.252066,14
1430425817.266559,14
1430425817.282042,11
1430425817.296512,14
1430425817.311040,14
1430425817.325439,13
1430425817.339588,11
1430425817.354265,11
1430425817.369843,13
1430425817.385513,12
1430425817.400240,13
1430425817.414489,12
1430425817.428298,10
1430425817.442752,13
1430425817.459397,13
1430425817.474130,12
1430425817.488413,13
1430425817.502443,13
1430425817.517642,13
1430425817.532085,12
1430425817.547063,12
1430425817.562029,14
1430425817.576615,12
1430425817.591205,13
1430425817.606211,14
1430425817.620684,11
1430425817.636256,12
1430425817.651494,12
1430425817.666016,12
1430425817.680773,14
1430425817.695584,12
1430425817.710590,11
1430425817.725326,13
1430425817.740160,14
1430425817.755472,13
1430425817.770503,14
1430425817.785507,11
1430425817.800257,13
1430425817.815420,13
1430425817.829967,13
1430425817.845078,12
1430425817.861308,12
1430425817.876452,14
1430425817.891509,13
1430425817.905378,13
1430425817.920511,13
1430425817.934798,13
1430425817.949947,12
1430425817.963911,13
1430425817.978545,14
1430425817.993858,11
1430425818.009859,14
1430425818.023943,13
1430425818.038310,14
1430425818.052989,15
1430425818.067503,14
1430425818.081540,12
1430425818.097520,15
1430425818.112224,15
1430425818.126804,14
1430425818.141210,13
1430425818.157580,15
1430425818.172097,13
1430425818.187500,14
1430425818.204129,15
1430425818.222037,15
1430425818.236668,13
1430425818.252309,14
1430425818.267455,11
1430425818.282485,14
1430425818.296890,13
1430425818.312038,12
1430425818.326339,12
1430425818.340999,16
1430425818.355330,17
1430425818.370909,15
1430425818.385943,13
1430425818.400812,13
1430425818.417002,13
1430425818.431273,11
1430425818.446771,13
1430425818.461578,14
1430425818.476715,14
1430425818.491503,14
1430425818.507252,16
1430425818.521513,16
1430425818.537004,13
1430425818.551160,15
1430425818.565897,10
1430425818.580784,11
1430425818.596138,10
1430425818.610119,11
1430425818.624484,12
1430425818.639627,10
1430425818.655632,15
1430425818.670439,15
1430425818.686412,15
1430425818.701484,13
1430425818.716294,13
1430425818.731816,8
1430425818.747709,10
1430425818.762108,12
1430425818.777693,12
1430425818.791921,11
1430425818.808358,11
1430425818.824210,10
1430425818.840317,6
1430425818.855827,10
1430425818.870643,10
1430425818.886233,14
1430425818.900840,11
1430425818.916774,10
1430425818.931993,11
1430425818.947898,11
1430425818.962489,10
1430425818.978869,9
1430425818.992992,10
1430425819.008139,11
1430425819.023624,9
1430425819.040366,11
1430425819.056027,11
1430425819.072282,10
1430425819.086438,11
1430425819.102486,9
1430425819.117334,11
1430425819.131627,10
1430425819.146845,13
1430425819.160947,13
1430425819.175681,12
1430425819.190126,12
1430425819.209823,14
1430425819.223655,13
1430425819.238347,9
1430425819.252717,11
1430425819.267616,8
1430425819.283721,8
1430425819.298690,9
1430425819.314620,12
1430425819.330048,12
1430425819.346220,12
1430425819.361123,13
1430425819.378552,14
1430425819.393490,16
1430425819.411903,15
1430425819.427799,10
1430425819.442306,9
1430425819.457065,13
1430425819.472879,9
1430425819.488067,6
1430425819.502971,10
1430425819.516988,13
1430425819.531438,10
1430425819.546810,12
1430425819.561281,9
1430425819.576485,9
1430425819.591692,12
1430425819.606239,6
1430425819.620292,9
1430425819.636113,10
1430425819.650885,9
1430425819.666346,9
1430425819.681931,11
1430425819.696589,9
1430425819.712583,8
1430425819.727871,10
1430425819.742890,8
1430425819.757437,9
1430425819.772528,8
1430425819.788069,8
1430425819.802070,8
1430425819.817055,9
1430425819.831499,10
1430425819.846996,8
1430425819.861398,10
1430425819.876029,9
1430425819.891656,12
1430425819.906155,10
1430425819.921040,7
1430425819.935241,10
1430425819.949829,8
1430425819.965202,7
1430425819.980253,10
1430425819.994927,10
1430425820.010253,8
1430425820.026551,8
1430425820.040489,11
1430425820.055301,6
1430425820.071096,9
1430425820.088303,10
1430425820.103021,8
1430425820.118144,9
1430425820.132892,8
1430425820.147800,9
1430425820.162256,11
1430425820.177551,10
1430425820.192298,9
1430425820.206404,9
1430425820.220457,10
1430425820.235059,10
1430425820.249285,9
1430425820.263965,10
1430425820.278948,7
1430425820.294428,9
1430425820.308691,10
1430425820.324573,9
1430425820.338779,10
1430425820.353114,10
1430425820.367780,8
1430425820.382548,9
1430425820.397661,9
1430425820.412628,9
1430425820.427676,10
1430425820.441352,11
1430425820.455620,8
1430425820.470436,11
1430425820.485360,9
1430425820.499884,9
1430425820.514222,10
1430425820.528559,9
1430425820.542960,9
1430425820.556968,10
1430425820.572148,10
1430425820.587003,9
1430425820.602163,11
1430425820.617194,9
1430425820.631844,10
1430425820.646281,10
1430425820.660658,12
1430425820.676065,11
1430425820.690308,11
1430425820.705072,9
1430425820.720112,8
1430425820.737362,14
1430425820.751516,14
1430425820.766447,16
1430425820.783543,17
1430425820.797924,15
1430425820.813349,11
1430425820.829608,16
1430425820.844981,11
1430425820.859596,14
1430425820.873698,10
1430425820.891084,12
1430425820.907098,13
1430425820.921570,12
1430425820.935777,11
1430425820.949981,12
1430425820.964461,16
1430425820.979515,15
1430425820.995266,12
1430425821.009750,9
1430425821.024898,9
1430425821.039340,12
1430425821.055486,11
1430425821.069850,14
1430425821.084468,12
1430425821.099298,11
1430425821.113949,13
1430425821.129851,13
1430425821.144073,11
1430425821.158045,9
1430425821.173492,11
1430425821.188980,13
1430425821.202987,11
1430425821.218468,11
1430425821.233205,13
1430425821.247251,10
1430425821.263102,13
1430425821.278077,12
1430425821.292909,11
1430425821.308151,10
1430425821.322787,11
1430425821.337134,13
1430425821.351723,14
1430425821.365908,12
1430425821.380738,13
1430425821.395586,12
1430425821.410831,12
1430425821.425875,14
1430425821.440824,14
1430425821.456542,13
1430425821.471671,11
1430425821.486871,11
1430425821.501473,11
1430425821.516404,12
1430425821.531481,13
1430425821.545925,13
1430425821.560892,12
1430425821.575483,12
1430425821.589977,12
1430425821.605537,10
1430425821.621051,11
1430425821.635688,12
1430425821.650370,13
1430425821.665077,11
1430425821.680048,13
1430425821.694234,9
1430425821.710336,13
1430425821.724666,11
1430425821.739193,13
1430425821.753270,10
1430425821.769599,11
1430425821.783797,12
1430425821.799245,11
1430425821.813394,11
1430425821.828792,12
1430425821.843554,14
1430425821.860031,12
1430425821.874597,13
1430425821.889971,11
1430425821.904289,12
1430425821.919304,14
1430425821.934084,16
1430425821.950826,13
1430425821.966258,13
1430425821.980980,13
1430425821.995829,11
1430425822.010517,11
1430425822.025287,13
1430425822.041083,11
1430425822.056605,11
1430425822.072467,11
1430425822.089052,12
1430425822.104362,11
1430425822.118980,10
1430425822.133535,12
1430425822.148739,12
1430425822.164206,8
1430425822.178125,4
1430425822.193432,2
1430425822.207733,5
1430425822.221811,5
1430425822.236192,2
1430425822.250848,2
1430425822.265967,8
1430425822.280851,4
1430425822.295728,3
1430425822.312621,6
1430425822.326887,4
1430425822.341795,5
1430425822.355889,6
1430425822.370090,4
1430425822.385915,4
1430425822.400375,6
1430425822.415637,4
1430425822.430574,5
1430425822.444565,6
1430425822.458633,4
1430425822.472915,6
1430425822.489054,7
1430425822.503580,4
1430425822.519695,6
1430425822.533976,4
1430425822.550305,2
1430425822.565562,5
1430425822.579907,4
1430425822.595490,4
1430425822.609663,6
1430425822.626145,5
1430425822.641474,4
1430425822.656284,4
1430425822.670687,6
1430425822.685598,4
1430425822.701158,6
1430425822.715517,6
1430425822.729965,4
1430425822.743775,6
1430425822.759215,5
1430425822.773853,4
1430425822.788253,6
1430425822.803063,6
1430425822.817741,4
1430425822.831984,4
1430425822.848167,6
1430425822.862821,4
1430425822.880462,5
1430425822.894422,5
1430425822.909473,2
1430425822.924525,6
1430425822.940510,6
1430425822.956688,4
1430425822.971481,6
1430425822.987803,5
1430425823.002585,6
1430425823.018106,6
1430425823.038583,3
1430425823.056360,6
1430425823.070436,6
1430425823.085968,4
1430425823.109408,6
1430425823.129228,3
1430425823.143758,6
1430425823.159802,6
1430425823.175665,3
1430425823.191110,7
1430425823.206859,6
1430425823.221282,2
1430425823.237412,6
1430425823.252147,7
1430425823.269772,6
1430425823.284728,6
1430425823.300158,5
1430425823.313877,4
1430425823.328442,6
1430425823.343972,4
1430425823.358420,6
1430425823.372862,6
1430425823.386660,4
1430425823.402402,6
1430425823.417042,6
1430425823.432860,4
1430425823.448110,6
1430425823.462435,6
1430425823.477792,5
1430425823.493071,6
1430425823.507462,7
1430425823.521691,6
1430425823.536721,5
1430425823.551070,8
1430425823.566142,6
1430425823.579998,4
1430425823.595883,8
1430425823.610517,7
1430425823.626367,4
1430425823.641850,6
1430425823.658469,7
1430425823.673998,4
1430425823.688621,7
1430425823.703065,6
1430425823.718910,6
1430425823.736525,6
1430425823.751440,8
1430425823.766103,6
1430425823.783513,6
1430425823.797862,6
1430425823.812820,6
1430425823.827867,4
1430425823.842366,6
1430425823.856738,8
1430425823.871857,4
1430425823.886760,7
1430425823.900893,8
1430425823.916963,5
1430425823.931607,8
1430425823.947501,5
1430425823.962540,5
1430425823.977224,8
1430425823.991273,7
1430425824.005390,4
1430425824.020045,7
1430425824.034962,6
1430425824.049410,4
1430425824.064507,8
1430425824.078944,8
1430425824.093776,4
1430425824.109240,7
1430425824.124034,6
1430425824.138429,4
1430425824.152950,9
1430425824.167624,8
1430425824.185993,7
1430425824.201699,6
1430425824.216382,9
1430425824.230749,7
1430425824.245435,5
1430425824.260859,6
1430425824.278339,7
1430425824.294268,6
1430425824.310716,7
1430425824.325707,8
1430425824.340140,6
1430425824.355265,7
1430425824.369689,7
1430425824.384104,6
1430425824.399202,5
1430425824.416641,7
1430425824.431837,7
1430425824.445692,5
1430425824.461327,6
1430425824.477601,7
1430425824.492058,7
1430425824.506479,6
1430425824.521917,6
1430425824.536973,8
1430425824.551743,6
1430425824.567494,6
1430425824.582099,8
1430425824.598907,5
1430425824.614260,7
1430425824.629882,8
1430425824.645635,8
1430425824.659501,7
1430425824.674721,5
1430425824.689504,6
1430425824.704050,7
1430425824.719982,5
1430425824.735752,7
1430425824.749568,6
1430425824.764906,5
1430425824.779029,8
1430425824.793929,6
1430425824.808991,6
1430425824.825499,6
1430425824.839856,8
1430425824.854932,8
1430425824.869700,6
1430425824.883642,7
1430425824.898149,8
1430425824.913447,6
1430425824.927781,8
1430425824.942129,7
1430425824.957088,6
1430425824.972579,7
1430425824.987013,8
1430425825.002045,8
1430425825.017836,8
1430425825.032866,6
1430425825.051480,9
1430425825.066563,8
1430425825.081269,5
1430425825.097738,8
1430425825.112484,8
1430425825.128487,5
1430425825.142851,7
1430425825.157131,8
1430425825.171630,6
1430425825.187599,6
1430425825.201629,8
1430425825.216869,6
1430425825.232209,6
1430425825.247584,9
1430425825.263116,7
1430425825.278997,6
1430425825.293877,8
1430425825.308389,6
1430425825.322854,8
1430425825.337790,7
1430425825.352588,7
1430425825.367403,7
1430425825.384510,7
1430425825.400743,8
1430425825.417096,6
1430425825.431984,8
1430425825.446544,8
1430425825.460773,7
1430425825.476048,6
1430425825.498779,7
1430425825.516427,9
1430425825.530735,7
1430425825.545666,7
1430425825.561424,8
1430425825.576671,8
1430425825.591594,7
1430425825.607958,9
1430425825.624285,6
1430425825.640025,8
1430425825.654471,6
1430425825.671744,8
1430425825.687293,8
1430425825.704173,9
1430425825.720652,8
1430425825.735878,8
1430425825.749921,8
1430425825.766061,9
1430425825.780514,9
1430425825.795435,6
1430425825.809474,6
1430425825.826745,9
1430425825.840677,9
1430425825.857425,6
1430425825.872547,8
1430425825.887252,8
1430425825.901664,9
1430425825.917432,6
1430425825.932186,7
1430425825.948265,8
1430425825.963224,8
1430425825.977578,7
1430425825.992092,9
1430425826.007221,8
1430425826.021658,7
1430425826.036641,8
1430425826.050898,8
1430425826.066110,7
1430425826.083668,7
1430425826.099541,7
1430425826.113953,7
1430425826.128918,8
1430425826.144118,4
1430425826.159437,7
1430425826.174047,9
1430425826.189072,5
1430425826.203566,7
1430425826.219499,8
1430425826.234571,6
1430425826.250562,7
1430425826.266951,7
1430425826.282452,7
1430425826.299086,7
1430425826.314633,8
1430425826.333685,8
1430425826.348961,8
1430425826.364118,6
1430425826.378621,6
1430425826.393426,8
1430425826.408692,6
1430425826.422942,6
1430425826.442830,7
1430425826.457483,8
1430425826.471373,7
1430425826.486783,7
1430425826.501526,4
1430425826.517402,7
1430425826.533831,8
1430425826.547728,6
1430425826.562512,7
1430425826.578042,7
1430425826.592034,5
1430425826.606363,8
1430425826.622046,7
1430425826.636232,6
1430425826.651592,6
1430425826.666919,8
1430425826.681843,6
1430425826.697269,7
1430425826.710941,8
1430425826.725919,6
1430425826.742557,6
1430425826.757698,8
1430425826.773025,6
1430425826.787989,3
1430425826.803015,9
1430425826.820276,9
1430425826.835386,4
1430425826.850308,7
1430425826.864085,7
1430425826.879623,5
1430425826.894890,6
1430425826.909859,6
1430425826.925180,6
1430425826.941218,6
1430425826.955976,6
1430425826.971103,7
1430425826.986020,9
1430425827.000136,6
1430425827.014891,6
1430425827.028760,8
1430425827.045124,6
1430425827.059505,6
1430425827.074475,6
1430425827.089266,7
1430425827.103737,6
1430425827.118740,7
1430425827.134058,7
1430425827.151259,7
1430425827.165695,6
1430425827.180403,8
1430425827.194592,8
1430425827.209391,5
1430425827.226742,6
1430425827.241303,6
1430425827.257329,8
1430425827.272266,6
1430425827.287796,7
1430425827.302115,8
1430425827.316508,2
1430425827.330701,8
1430425827.346036,8
1430425827.363353,5
1430425827.378139,8
1430425827.394103,7
1430425827.410006,6
1430425827.425730,7
1430425827.440186,6
1430425827.454166,4
1430425827.469849,6
1430425827.484276,6
1430425827.499465,3
1430425827.514390,6
1430425827.528587,6
1430425827.544628,6
1430425827.559173,6
1430425827.573704,7
1430425827.589802,6
1430425827.608054,8
1430425827.622361,8
1430425827.638342,6
1430425827.652103,6
1430425827.666549,8
1430425827.681732,7
1430425827.698353,6
1430425827.713383,6
1430425827.728021,8
1430425827.743355,2
1430425827.759821,7
1430425827.776982,7
1430425827.794414,6
1430425827.810296,8
1430425827.825777,7
1430425827.841524,7
1430425827.857274,6
1430425827.872387,6
1430425827.889469,6
1430425827.904295,6
1430425827.918919,6
1430425827.934565,6
1430425827.949974,7
1430425827.965320,8
1430425827.980574,6
1430425827.997290,7
1430425828.012094,7
1430425828.026995,8
1430425828.042180,6
1430425828.056932,8
1430425828.072127,8
1430425828.086906,6
1430425828.102184,8
1430425828.119703,8
1430425828.134457,4
1430425828.149934,8
1430425828.163817,6
1430425828.178219,4
1430425828.192549,8
1430425828.207515,7
1430425828.222721,4
1430425828.237810,8
1430425828.252667,8
1430425828.267750,4
1430425828.286473,8
1430425828.301147,8
1430425828.316485,6
1430425828.332644,8
1430425828.347132,7
1430425828.361788,5
1430425828.376999,8
1430425828.391242,6
1430425828.406095,6
1430425828.421287,8
1430425828.435677,5
1430425828.451086,5
1430425828.465646,8
1430425828.480225,6
1430425828.496276,7
1430425828.510505,8
1430425828.525311,6
1430425828.540528,6
1430425828.555159,8
1430425828.570011,4
1430425828.585665,6
1430425828.600503,6
1430425828.617140,5
1430425828.635371,6
1430425828.649192,9
1430425828.663904,6
1430425828.678439,6
1430425828.692660,8
1430425828.707768,7
1430425828.722826,5
1430425828.738495,8
1430425828.752521,7
1430425828.767499,6
1430425828.782346,7
1430425828.796870,6
1430425828.811116,6
1430425828.832286,8
1430425828.847671,6
1430425828.862270,5
1430425828.878565,9
1430425828.892698,6
1430425828.907726,7
1430425828.921865,8
1430425828.936789,6
1430425828.952425,7
1430425828.966424,8
1430425828.980270,6
1430425828.997617,6
1430425829.012095,6
1430425829.026924,6
1430425829.041498,6
1430425829.056222,7
1430425829.070526,5
1430425829.085291,7
1430425829.100196,7
1430425829.114677,7
1430425829.130237,9
1430425829.145425,7
1430425829.159609,6
1430425829.173806,8
1430425829.188889,6
1430425829.202470,6
1430425829.217637,9
1430425829.232095,9
1430425829.246458,8
1430425829.261794,8
1430425829.276360,8
1430425829.290980,7
1430425829.306640,6
1430425829.321135,7
1430425829.337966,6
1430425829.352318,8
1430425829.367549,8
1430425829.382782,8
1430425829.398116,6
1430425829.411793,8
1430425829.427530,8
1430425829.441846,6
1430425829.456960,9
1430425829.471965,8
1430425829.486789,8
1430425829.503725,8
1430425829.518060,6
1430425829.534180,7
1430425829.550242,8
1430425829.565233,6
1430425829.580832,8
1430425829.595454,8
1430425829.610285,8
1430425829.625957,9
1430425829.639666,9
1430425829.653440,8
1430425829.668162,8
1430425829.683400,8
1430425829.697864,9
1430425829.711889,6
1430425829.727319,9
1430425829.742055,9
1430425829.756695,7
1430425829.771555,8
1430425829.786120,9
1430425829.800655,7
1430425829.815917,7
1430425829.829760,8
1430425829.844222,8
1430425829.858887,9
1430425829.873953,8
1430425829.888903,8
1430425829.904090,8
1430425829.919725,8
1430425829.933640,9
1430425829.947814,9
1430425829.963428,5
1430425829.978439,8
1430425829.993250,10
1430425830.009641,10
1430425830.024724,9
1430425830.041360,9
1430425830.056074,9
1430425830.073167,9
1430425830.087510,9
1430425830.102004,7
1430425830.118239,8
1430425830.133004,9
1430425830.147673,7
1430425830.162593,10
1430425830.177235,9
1430425830.192973,9
1430425830.208764,9
1430425830.224090,9
1430425830.239413,9
1430425830.254451,7
1430425830.269229,9
1430425830.285440,9
1430425830.300007,8
1430425830.315773,8
1430425830.331500,8
1430425830.346620,9
1430425830.361244,9
1430425830.376348,8
1430425830.391884,8
1430425830.406358,9
1430425830.421202,8
1430425830.435576,7
1430425830.449880,9
1430425830.465474,8
1430425830.479532,8
1430425830.494446,8
1430425830.510127,9
1430425830.524389,8
1430425830.538837,8
1430425830.553679,8
1430425830.569573,9
1430425830.583856,8
1430425830.598021,9
1430425830.613059,9
1430425830.628805,9
1430425830.646605,9
1430425830.661186,7
1430425830.675430,8
1430425830.690603,9
1430425830.705087,8
1430425830.719322,9
1430425830.733981,9
1430425830.749082,8
1430425830.764144,8
1430425830.778773,8
1430425830.793771,8
1430425830.808918,8
1430425830.826375,8
1430425830.841455,7
1430425830.856400,8
1430425830.871401,9
1430425830.886774,10
1430425830.901996,10
1430425830.918357,9
1430425830.933049,7
1430425830.947416,9
1430425830.962460,10
1430425830.978011,6
1430425830.993538,9
1430425831.008239,8
1430425831.023876,8
1430425831.039304,8
1430425831.053483,9
1430425831.070054,8
1430425831.085144,8
1430425831.099434,7
1430425831.114051,8
1430425831.128864,9
1430425831.143557,8
1430425831.159335,9
1430425831.173624,6
1430425831.187916,8
1430425831.201622,9
1430425831.215583,8
1430425831.230109,8
1430425831.244927,9
1430425831.260251,8
1430425831.275407,9
1430425831.290022,8
1430425831.305598,8
1430425831.320526,10
1430425831.335970,9
1430425831.350188,9
1430425831.365485,9
1430425831.382474,8
1430425831.398085,8
1430425831.412386,8
1430425831.427509,8
1430425831.441747,8
1430425831.457574,8
1430425831.472636,9
1430425831.486874,8
1430425831.501396,7
1430425831.515575,9
1430425831.529686,8
1430425831.546243,9
1430425831.561864,9
1430425831.576421,8
1430425831.591165,8
1430425831.606560,9
1430425831.623383,9
1430425831.637886,9
1430425831.653454,6
1430425831.669057,10
1430425831.683655,8
1430425831.699438,7
1430425831.713670,8
1430425831.728344,8
1430425831.743375,6
1430425831.759333,9
1430425831.774016,9
1430425831.789014,6
1430425831.803845,9
1430425831.818094,9
1430425831.832045,7
1430425831.846865,9
1430425831.862242,8
1430425831.876393,6
1430425831.890997,8
1430425831.906527,9
1430425831.921266,5
1430425831.936691,9
1430425831.951581,9
1430425831.966187,7
1430425831.981809,8
1430425831.996171,9
1430425832.010871,9
1430425832.025913,9
1430425832.046726,9
1430425832.061571,9
1430425832.076426,7
1430425832.091947,8
1430425832.107013,9
1430425832.121756,0
1430425832.135883,0
1430425832.152594,0
1430425832.166793,0
1430425832.180912,0
1430425832.196334,0
1430425832.210483,0
1430425832.226102,0
1430425832.241279,0
1430425832.255899,0
1430425832.270179,0
1430425832.285688,0
1430425832.302161,0
1430425832.317849,0
1430425832.333653,0
1430425832.348412,0
1430425832.363344,0
1430425832.380155,0
1430425832.395226,0
1430425832.409383,0
1430425832.423700,0
1430425832.441345,0
1430425832.455579,0
1430425832.470042,0
1430425832.485463,0
1430425832.500509,0
1430425832.516543,0
1430425832.531707,0
1430425832.547189,0
1430425832.561801,0
1430425832.576039,0
1430425832.591738,0
1430425832.605723,0
1430425832.620125,0
1430425832.634571,0
1430425832.649868,0
1430425832.664104,0
1430425832.679018,0
1430425832.695086,0
1430425832.709152,0
1430425832.723057,0
1430425832.738088,0
1430425832.752351,0
1430425832.770286,0
1430425832.787458,0
1430425832.802310,0
1430425832.817229,0
1430425832.833185,0
1430425832.849015,0
1430425832.864729,0
1430425832.879970,0
1430425832.898764,0
1430425832.913204,0
1430425832.927114,0
1430425832.946318,0
1430425832.961080,0
1430425832.975497,0
