1430425532.245609,0
1430425532.261119,0
1430425532.275198,7
1430425532.289892,4
1430425532.304013,7
1430425532.319847,8
1430425532.334545,8
1430425532.349472,8
1430425532.363886,9
1430425532.378906,9
1430425532.393226,9
1430425532.407848,9
1430425532.423342,9
1430425532.438042,9
1430425532.453135,10
1430425532.467816,10
1430425532.484588,10
1430425532.499879,10
1430425532.517271,10
1430425532.531831,10
1430425532.546714,9
1430425532.563661,10
1430425532.579251,10
1430425532.594118,10
1430425532.609309,10
1430425532.625632,10
1430425532.640003,10
1430425532.654337,10
1430425532.669800,10
1430425532.683978,10
1430425532.698909,10
1430425532.713372,10
1430425532.728490,11
1430425532.743672,10
1430425532.758952,10
1430425532.774813,11
1430425532.790627,11
1430425532.806067,11
1430425532.820498,11
1430425532.839235,11
1430425532.853527,11
1430425532.870141,11
1430425532.884168,11
1430425532.900124,11
1430425532.914245,11
1430425532.928426,11
1430425532.944277,10
1430425532.959587,10
1430425532.974399,10
1430425532.989698,10
1430425533.004472,10
1430425533.019040,10
1430425533.035639,10
1430425533.050698,10
1430425533.065827,10
1430425533.081043,10
1430425533.097767,10
1430425533.112615,10
1430425533.127880,10
1430425533.143507,10
1430425533.158843,10
1430425533.173484,10
1430425533.188143,10
1430425533.202427,10
1430425533.217945,10
1430425533.232966,10
1430425533.249826,10
1430425533.265110,10
1430425533.279937,10
1430425533.294259,10
1430425533.313047,10
1430425533.328167,10
1430425533.342628,11
1430425533.358823,10
1430425533.374193,10
1430425533.389068,10
1430425533.404529,10
1430425533.419927,10
1430425533.434705,10
1430425533.453201,10
1430425533.468043,10
1430425533.482824,10
1430425533.497846,10
1430425533.512167,11
1430425533.527134,11
1430425533.541392,11
1430425533.556123,11
1430425533.571565,11
1430425533.586393,10
1430425533.601409,11
1430425533.615630,11
1430425533.629725,11
1430425533.644513,11
1430425533.659389,11
1430425533.675025,11
1430425533.689635,11
1430425533.704007,11
1430425533.719194,11
1430425533.733974,11
1430425533.748979,11
1430425533.764400,10
1430425533.779412,11
1430425533.794517,11
1430425533.812468,11
1430425533.828004,11
1430425533.843421,11
1430425533.857711,11
1430425533.873157,11
1430425533.889295,11
1430425533.903514,11
1430425533.918271,11
1430425533.932444,11
1430425533.947140,11
1430425533.961279,10
1430425533.976077,11
1430425533.991160,11
1430425534.006476,11
1430425534.021610,11
1430425534.036243,11
1430425534.051098,11
1430425534.065006,11
1430425534.079236,11
1430425534.093712,11
1430425534.108781,11
1430425534.123423,11
1430425534.138568,11
1430425534.153816,11
1430425534.167863,11
1430425534.182258,11
1430425534.197658,11
1430425534.212058,10
1430425534.227076,11
1430425534.241619,11
1430425534.257018,11
1430425534.271472,10
1430425534.285876,11
1430425534.300237,11
1430425534.315433,11
1430425534.329751,12
1430425534.344466,11
1430425534.359290,11
1430425534.374238,11
1430425534.388922,11
1430425534.403055,11
1430425534.417409,11
1430425534.433192,11
1430425534.448873,11
1430425534.463697,11
1430425534.478951,11
1430425534.494437,11
1430425534.509625,11
1430425534.524251,11
1430425534.538715,11
1430425534.553698,11
1430425534.567756,11
1430425534.582153,11
1430425534.596467,11
1430425534.611679,11
1430425534.626272,11
1430425534.640377,11
1430425534.654908,11
1430425534.669775,11
1430425534.684444,11
1430425534.699455,11
1430425534.714208,10
1430425534.728646,10
1430425534.745297,10
1430425534.760090,11
1430425534.774279,11
1430425534.789901,11
1430425534.810418,11
1430425534.826037,11
1430425534.840770,11
1430425534.855116,12
1430425534.869806,12
1430425534.884440,12
1430425534.900221,12
1430425534.914287,12
1430425534.929438,12
1430425534.943986,13
1430425534.958908,13
1430425534.973737,12
1430425534.989002,12
1430425535.003141,12
1430425535.018640,12
1430425535.033121,12
1430425535.050209,12
1430425535.064529,11
1430425535.078876,11
1430425535.093089,11
1430425535.108497,11
1430425535.124182,12
1430425535.139544,12
1430425535.154593,12
1430425535.169144,11
1430425535.184487,12
1430425535.200143,12
1430425535.216533,12
1430425535.234058,11
1430425535.249143,12
1430425535.263422,11
1430425535.278357,11
1430425535.292432,12
1430425535.306600,12
1430425535.321298,12
1430425535.335961,13
1430425535.350850,12
1430425535.365973,11
1430425535.380639,12
1430425535.395073,12
1430425535.409440,11
1430425535.425726,12
1430425535.446765,11
1430425535.461616,11
1430425535.476696,11
1430425535.491827,11
1430425535.507266,11
1430425535.522323,11
1430425535.537505,11
1430425535.553262,11
1430425535.567953,11
1430425535.582208,11
1430425535.597511,11
1430425535.612898,11
1430425535.627982,11
1430425535.643153,11
1430425535.660590,11
1430425535.679806,11
1430425535.694512,11
1430425535.708904,11
1430425535.724137,11
1430425535.738908,11
1430425535.753225,11
1430425535.768493,11
1430425535.783096,12
1430425535.798666,12
1430425535.813878,12
1430425535.831007,12
1430425535.847609,12
1430425535.861560,12
1430425535.877959,12
1430425535.892691,11
1430425535.907765,12
1430425535.922536,12
1430425535.938350,12
1430425535.953077,12
1430425535.969109,12
1430425535.985551,12
1430425536.000032,12
1430425536.016034,12
1430425536.035970,12
1430425536.054403,12
1430425536.071371,12
1430425536.086202,12
1430425536.100575,12
1430425536.114695,12
1430425536.128889,12
1430425536.144236,12
1430425536.158513,12
1430425536.173532,12
1430425536.188550,12
1430425536.202727,12
1430425536.218004,11
1430425536.235693,12
1430425536.250244,11
1430425536.264115,11
1430425536.278970,11
1430425536.294272,11
1430425536.311381,11
1430425536.325660,11
1430425536.340024,12
1430425536.354357,12
1430425536.369216,12
1430425536.385673,12
1430425536.400386,11
1430425536.414817,11
1430425536.429058,11
1430425536.443938,11
1430425536.462388,11
1430425536.477653,11
1430425536.495618,11
1430425536.511639,11
1430425536.526007,12
1430425536.540104,12
1430425536.554538,12
1430425536.570198,12
1430425536.588254,12
1430425536.602347,12
1430425536.617620,12
1430425536.632869,12
1430425536.648228,12
1430425536.662614,12
1430425536.676714,12
1430425536.690903,12
1430425536.705560,12
1430425536.720968,12
1430425536.736214,12
1430425536.750309,12
1430425536.765300,12
1430425536.780643,12
1430425536.795725,12
1430425536.810392,12
1430425536.824520,12
1430425536.838894,12
1430425536.854511,12
1430425536.869217,12
1430425536.883253,12
1430425536.897848,12
1430425536.913078,12
1430425536.928045,12
1430425536.943108,11
1430425536.958957,12
1430425536.972992,12
1430425536.989400,12
1430425537.003292,12
1430425537.018437,11
1430425537.033685,12
1430425537.049714,12
1430425537.064564,12
1430425537.079290,12
1430425537.094458,12
1430425537.109050,12
1430425537.124711,12
1430425537.139542,12
1430425537.153620,11
1430425537.169508,11
1430425537.183994,12
1430425537.198463,11
1430425537.213093,12
1430425537.227835,11
1430425537.243244,12
1430425537.258792,12
1430425537.272696,12
1430425537.288048,12
1430425537.303028,12
1430425537.318029,12
1430425537.335011,13
1430425537.350505,12
1430425537.364553,12
1430425537.380414,12
1430425537.394363,12
1430425537.408752,13
1430425537.425530,13
1430425537.441382,13
1430425537.456064,13
1430425537.471351,13
1430425537.486538,13
1430425537.502472,12
1430425537.517743,13
1430425537.531853,13
1430425537.546357,13
1430425537.560986,13
1430425537.575355,12
1430425537.596859,12
1430425537.613054,13
1430425537.628214,12
1430425537.642853,13
1430425537.657985,13
1430425537.672081,13
1430425537.688170,13
1430425537.702347,12
1430425537.717842,13
1430425537.732692,12
1430425537.749849,13
1430425537.767836,12
1430425537.782207,12
1430425537.796524,12
1430425537.814235,12
1430425537.829897,12
1430425537.844126,12
1430425537.860274,12
1430425537.875824,12
1430425537.889992,13
1430425537.904607,13
1430425537.920206,13
1430425537.934991,13
1430425537.949946,13
1430425537.964346,13
1430425537.980078,13
1430425537.994058,13
1430425538.010262,13
1430425538.024050,13
1430425538.039122,13
1430425538.053157,13
1430425538.067972,12
1430425538.081859,13
1430425538.097911,13
1430425538.112837,13
1430425538.127967,13
1430425538.141959,13
1430425538.156933,13
1430425538.171267,13
1430425538.186175,12
1430425538.200381,13
1430425538.215564,13
1430425538.230155,12
1430425538.244640,13
1430425538.259724,13
1430425538.274703,13
1430425538.289071,13
1430425538.303621,13
1430425538.318529,12
1430425538.332782,14
1430425538.347310,13
1430425538.363383,13
1430425538.378429,12
1430425538.393024,13
1430425538.410033,13
1430425538.424267,13
1430425538.439634,13
1430425538.454022,13
1430425538.469321,13
1430425538.483896,13
1430425538.499133,13
1430425538.520281,13
1430425538.536323,13
1430425538.552729,13
1430425538.567533,13
1430425538.583277,13
1430425538.599028,13
1430425538.613356,13
1430425538.628459,13
1430425538.642923,14
1430425538.659998,14
1430425538.674360,14
1430425538.688547,14
1430425538.702931,14
1430425538.718280,14
1430425538.733363,14
1430425538.748355,14
1430425538.763355,14
1430425538.777862,14
1430425538.794143,14
1430425538.809672,14
1430425538.823762,13
1430425538.838465,14
1430425538.854115,14
1430425538.870167,14
1430425538.884199,14
1430425538.899587,14
1430425538.917922,14
1430425538.932942,13
1430425538.947677,14
1430425538.962592,14
1430425538.978278,14
1430425538.993774,14
1430425539.010190,14
1430425539.024620,14
1430425539.040525,14
1430425539.054493,14
1430425539.069387,14
1430425539.083900,14
1430425539.098499,13
1430425539.113060,13
1430425539.128144,13
1430425539.142120,13
1430425539.157075,13
1430425539.171950,14
1430425539.188136,13
1430425539.208812,13
1430425539.223613,13
1430425539.242555,13
1430425539.258356,13
1430425539.272930,13
1430425539.287909,13
1430425539.302363,13
1430425539.317299,13
1430425539.332500,13
1430425539.347520,13
1430425539.361465,13
1430425539.376205,12
1430425539.391244,13
1430425539.406470,13
1430425539.422974,13
1430425539.437608,12
1430425539.453196,13
1430425539.468352,13
1430425539.483019,13
1430425539.498279,13
1430425539.513408,13
1430425539.527974,13
1430425539.544097,13
1430425539.558447,13
1430425539.573102,13
1430425539.587216,13
1430425539.601662,13
1430425539.618735,13
1430425539.635655,13
1430425539.650825,13
1430425539.665328,13
1430425539.679566,13
1430425539.693958,13
1430425539.708423,13
1430425539.725230,13
1430425539.740308,13
1430425539.755009,13
1430425539.770283,13
1430425539.785912,13
1430425539.800962,13
1430425539.819352,12
1430425539.835482,12
1430425539.849841,12
1430425539.865897,12
1430425539.880572,12
1430425539.896352,12
1430425539.910402,12
1430425539.926013,13
1430425539.940543,13
1430425539.958612,13
1430425539.974058,12
1430425539.989224,13
1430425540.004351,13
1430425540.020098,13
1430425540.035911,12
1430425540.050727,13
1430425540.065357,12
1430425540.080177,12
1430425540.094093,12
1430425540.108465,12
1430425540.123489,12
1430425540.138695,12
1430425540.152789,12
1430425540.167797,12
1430425540.183025,12
1430425540.198319,12
1430425540.213653,12
1430425540.228754,13
1430425540.244066,12
1430425540.259044,12
1430425540.273522,12
1430425540.289220,12
1430425540.304005,12
1430425540.318688,12
1430425540.333093,13
1430425540.348587,12
1430425540.363984,12
1430425540.378148,12
1430425540.392173,12
1430425540.408015,12
1430425540.422861,12
1430425540.437524,12
1430425540.451865,12
1430425540.466702,12
1430425540.481094,12
1430425540.495360,12
1430425540.513555,12
1430425540.529454,12
1430425540.543813,13
1430425540.558781,12
1430425540.574430,12
1430425540.591801,12
1430425540.606004,12
1430425540.620607,13
1430425540.634710,13
1430425540.650216,12
1430425540.664818,13
1430425540.679710,13
1430425540.694608,13
1430425540.709884,13
1430425540.724162,13
1430425540.743852,13
1430425540.760295,12
1430425540.775630,13
1430425540.790364,13
1430425540.808090,13
1430425540.823507,12
1430425540.838155,13
1430425540.852610,13
1430425540.868704,13
1430425540.882860,13
1430425540.898152,13
1430425540.913995,13
1430425540.928492,13
1430425540.943710,13
1430425540.958952,13
1430425540.973647,13
1430425540.988210,12
1430425541.003215,13
1430425541.021279,13
1430425541.036630,13
1430425541.052878,13
1430425541.068077,13
1430425541.082964,13
1430425541.098413,13
1430425541.113404,12
1430425541.128888,13
1430425541.143658,13
1430425541.157965,13
1430425541.173300,13
1430425541.190521,13
1430425541.205420,13
1430425541.219904,13
1430425541.234316,13
1430425541.249496,13
1430425541.263780,13
1430425541.278639,13
1430425541.292663,13
1430425541.309988,13
1430425541.324522,12
1430425541.339574,13
1430425541.354374,14
1430425541.370355,13
1430425541.385571,13
1430425541.400325,13
1430425541.414415,13
1430425541.431275,13
1430425541.446142,13
1430425541.460762,13
1430425541.475591,13
1430425541.489473,13
1430425541.503724,13
1430425541.518470,13
1430425541.533252,13
1430425541.547841,13
1430425541.561669,13
1430425541.577103,12
1430425541.591680,13
1430425541.605699,13
1430425541.620604,13
1430425541.635937,13
1430425541.650305,13
1430425541.664166,13
1430425541.678664,13
1430425541.693743,13
1430425541.708575,13
1430425541.723865,13
1430425541.740326,13
1430425541.755610,13
1430425541.770270,13
1430425541.788088,12
1430425541.802449,12
1430425541.817617,12
1430425541.833507,12
1430425541.850653,12
1430425541.865745,12
1430425541.884430,12
1430425541.899564,12
1430425541.915668,12
1430425541.930498,12
1430425541.944619,13
1430425541.959280,13
1430425541.973687,13
1430425541.989613,13
1430425542.004313,13
1430425542.019487,13
1430425542.034727,13
1430425542.050510,13
1430425542.065146,13
1430425542.080992,13
1430425542.095299,13
1430425542.110052,13
1430425542.125352,13
1430425542.139454,13
1430425542.153566,13
1430425542.169919,13
1430425542.183955,12
1430425542.198295,12
1430425542.212922,12
1430425542.227323,13
1430425542.242576,12
1430425542.258569,12
1430425542.272878,13
1430425542.288618,12
1430425542.303132,23
1430425542.318312,21
1430425542.333717,35
1430425542.349072,41
1430425542.363242,44
1430425542.378855,50
1430425542.392966,51
1430425542.406919,56
1430425542.422021,57
1430425542.436596,59
1430425542.452555,61
1430425542.467142,63
1430425542.480827,64
1430425542.496374,63
1430425542.511066,58
1430425542.526004,56
1430425542.539972,51
1430425542.553766,47
1430425542.568832,43
1430425542.582711,40
1430425542.596930,38
1430425542.612056,31
1430425542.628715,28
1430425542.643474,25
1430425542.658128,20
1430425542.672425,13
1430425542.687953,12
1430425542.702005,6
1430425542.716790,9
1430425542.731080,8
1430425542.746946,9
1430425542.761442,10
1430425542.776192,11
1430425542.791035,10
1430425542.805713,9
1430425542.820037,10
1430425542.834258,10
1430425542.848940,13
1430425542.863633,11
1430425542.878887,10
1430425542.892715,11
1430425542.908748,12
1430425542.923870,11
1430425542.939682,12
1430425542.953934,11
1430425542.967967,13
1430425542.982360,13
1430425542.997271,14
1430425543.012197,14
1430425543.028093,14
1430425543.043287,16
1430425543.058449,15
1430425543.072744,15
1430425543.088599,15
1430425543.103547,16
1430425543.119109,15
1430425543.134208,15
1430425543.149055,14
1430425543.163945,16
1430425543.178247,16
1430425543.192582,18
1430425543.207279,17
1430425543.222136,19
1430425543.237745,19
1430425543.252219,18
1430425543.266982,19
1430425543.281015,20
1430425543.295557,20
1430425543.310315,17
1430425543.326069,20
1430425543.341041,19
1430425543.356071,19
1430425543.371452,18
1430425543.386487,15
1430425543.401082,15
1430425543.417747,15
1430425543.432773,15
1430425543.449168,15
1430425543.463041,17
1430425543.477170,14
1430425543.492511,19
1430425543.506749,18
1430425543.521995,16
1430425543.536933,15
1430425543.550760,17
1430425543.566081,18
1430425543.581250,18
1430425543.595314,17
1430425543.609980,19
1430425543.624357,18
1430425543.639604,18
1430425543.653942,18
1430425543.669118,17
1430425543.683331,18
1430425543.698362,18
1430425543.712191,18
1430425543.728179,19
1430425543.743078,19
1430425543.758566,21
1430425543.773108,21
1430425543.787710,22
1430425543.802387,22
1430425543.817879,19
1430425543.833004,14
1430425543.850011,12
1430425543.865305,12
1430425543.881046,13
1430425543.895972,13
1430425543.910460,15
1430425543.924315,14
1430425543.939666,15
1430425543.955482,14
1430425543.969884,14
1430425543.983634,15
1430425543.999302,15
1430425544.013850,15
1430425544.028579,15
1430425544.043167,15
1430425544.058952,16
1430425544.073547,15
1430425544.088372,18
1430425544.103452,16
1430425544.118986,16
1430425544.133396,16
1430425544.150264,14
1430425544.170035,15
1430425544.185489,17
1430425544.199889,17
1430425544.215076,19
1430425544.232869,18
1430425544.249130,20
1430425544.263901,18
1430425544.278685,18
1430425544.292676,19
1430425544.308436,18
1430425544.323079,21
1430425544.338329,21
1430425544.352646,19
1430425544.367855,18
1430425544.383190,20
1430425544.398460,19
1430425544.414332,21
1430425544.429170,18
1430425544.443194,18
1430425544.457933,22
1430425544.472268,20
1430425544.487347,21
1430425544.501602,22
1430425544.516860,21
1430425544.531029,22
1430425544.546158,16
1430425544.560591,12
1430425544.575079,11
1430425544.590112,8
1430425544.604161,9
1430425544.619829,9
1430425544.634077,13
1430425544.650207,12
1430425544.665432,10
1430425544.680721,8
1430425544.695044,11
1430425544.709504,11
1430425544.724219,11
1430425544.738984,11
1430425544.754543,9
1430425544.770543,9
1430425544.786950,10
1430425544.801505,11
1430425544.816971,12
1430425544.833906,13
1430425544.849440,12
1430425544.863424,13
1430425544.878812,12
1430425544.892980,13
1430425544.907453,12
1430425544.922193,16
1430425544.937270,13
1430425544.951617,14
1430425544.966361,12
1430425544.980415,14
1430425544.994767,14
1430425545.009816,15
1430425545.024035,15
1430425545.040192,17
1430425545.054530,15
1430425545.069034,17
1430425545.083419,18
1430425545.097732,18
1430425545.112054,16
1430425545.127271,17
1430425545.143537,17
1430425545.158270,20
1430425545.172885,18
1430425545.188035,17
1430425545.202674,17
1430425545.217067,17
1430425545.232716,16
1430425545.247422,18
1430425545.263220,19
1430425545.278240,20
1430425545.293023,21
1430425545.309181,21
1430425545.323404,19
1430425545.339129,19
1430425545.353305,18
1430425545.369783,15
1430425545.385270,10
1430425545.400310,14
1430425545.414359,14
1430425545.429688,13
1430425545.444466,15
1430425545.461342,14
1430425545.476466,13
1430425545.491147,14
1430425545.506661,13
1430425545.521348,13
1430425545.537485,13
1430425545.551695,14
1430425545.566215,17
1430425545.580149,15
1430425545.594074,17
1430425545.608901,16
1430425545.623256,17
1430425545.639076,16
1430425545.653364,18
1430425545.668271,17
1430425545.682476,18
1430425545.696730,16
1430425545.712194,17
1430425545.727099,18
1430425545.742410,17
1430425545.759317,19
1430425545.774123,18
1430425545.790080,17
1430425545.805969,18
1430425545.820262,19
1430425545.837383,18
1430425545.851889,17
1430425545.866749,19
1430425545.881633,20
1430425545.896024,19
1430425545.909940,20
1430425545.924667,21
1430425545.938989,22
1430425545.952856,20
1430425545.967161,21
1430425545.982024,18
1430425545.996558,14
1430425546.010860,11
1430425546.027143,7
1430425546.042495,12
1430425546.058351,11
1430425546.073513,11
1430425546.089263,13
1430425546.103536,11
1430425546.120434,10
1430425546.135235,12
1430425546.150732,14
1430425546.165764,10
1430425546.183323,11
1430425546.198485,12
1430425546.214387,11
1430425546.230303,13
1430425546.245038,13
1430425546.260261,11
1430425546.276598,16
1430425546.290948,12
1430425546.305582,13
1430425546.320024,13
1430425546.334571,13
1430425546.350041,13
1430425546.364955,15
1430425546.379427,16
1430425546.394553,15
1430425546.409450,15
1430425546.423716,15
1430425546.438960,14
1430425546.454400,16
1430425546.470103,18
1430425546.485139,17
1430425546.500415,18
1430425546.516795,16
1430425546.532328,16
1430425546.546831,18
1430425546.561394,18
1430425546.578245,17
1430425546.593275,18
1430425546.609567,17
1430425546.626016,20
1430425546.641206,20
1430425546.656835,19
1430425546.673413,19
1430425546.690235,20
1430425546.704991,19
1430425546.719920,19
1430425546.736025,21
1430425546.750869,21
1430425546.765975,21
1430425546.780640,21
1430425546.794920,19
1430425546.809445,14
1430425546.824572,12
1430425546.839478,13
1430425546.855731,10
1430425546.871915,11
1430425546.887896,10
1430425546.902587,12
1430425546.918195,11
1430425546.932227,12
1430425546.946496,11
1430425546.960815,12
1430425546.976196,12
1430425546.991435,12
1430425547.006710,10
1430425547.022038,14
1430425547.036626,11
1430425547.053181,14
1430425547.067454,14
1430425547.081843,13
1430425547.097654,12
1430425547.113256,13
1430425547.128481,15
1430425547.143550,15
1430425547.158814,14
1430425547.173002,15
1430425547.187632,16
1430425547.202305,14
1430425547.216528,15
1430425547.232011,16
1430425547.248036,15
1430425547.262328,17
1430425547.278344,17
1430425547.293046,18
1430425547.308342,17
1430425547.323743,19
1430425547.339558,19
1430425547.354009,18
1430425547.368951,18
1430425547.383508,21
1430425547.399815,19
1430425547.414357,21
1430425547.430965,20
1430425547.446689,20
1430425547.462086,18
1430425547.476745,22
1430425547.491341,19
1430425547.507051,15
1430425547.521338,16
1430425547.537822,17
1430425547.552600,19
1430425547.567594,20
1430425547.581729,21
1430425547.597621,16
1430425547.611720,20
1430425547.626277,18
1430425547.640728,21
1430425547.657050,21
1430425547.672076,20
1430425547.686918,20
1430425547.701274,20
1430425547.715524,20
1430425547.729456,21
1430425547.743440,19
1430425547.757976,20
1430425547.773661,21
1430425547.788444,20
1430425547.804170,22
1430425547.819608,17
1430425547.837987,12
1430425547.853000,9
1430425547.868259,10
1430425547.882870,6
1430425547.897475,11
1430425547.912495,8
1430425547.927808,9
1430425547.942299,8
1430425547.958114,11
1430425547.974619,9
1430425547.990170,8
1430425548.004423,10
1430425548.019466,8
1430425548.033880,10
1430425548.049883,11
1430425548.069683,13
1430425548.084072,11
1430425548.099982,10
1430425548.114544,10
1430425548.128440,11
1430425548.142574,11
1430425548.159809,12
1430425548.175312,13
1430425548.189672,13
1430425548.203968,12
1430425548.218315,12
1430425548.232780,12
1430425548.246922,14
1430425548.261958,13
1430425548.276707,16
1430425548.290706,15
1430425548.305384,16
1430425548.320144,14
1430425548.333945,15
1430425548.349692,14
1430425548.364517,16
1430425548.379435,16
1430425548.393392,18
1430425548.407840,16
1430425548.422695,16
1430425548.437173,16
1430425548.451450,17
1430425548.466593,16
1430425548.480683,16
1430425548.494933,18
1430425548.510282,19
1430425548.524159,19
1430425548.539234,18
1430425548.553299,19
1430425548.568706,20
1430425548.583182,20
1430425548.598696,18
1430425548.612951,19
1430425548.628727,22
1430425548.642977,18
1430425548.658322,21
1430425548.673891,20
1430425548.688292,22
1430425548.703512,21
1430425548.719052,21
1430425548.734334,21
1430425548.749052,17
1430425548.764179,12
1430425548.780617,8
1430425548.796054,8
1430425548.810574,7
1430425548.825332,10
1430425548.839502,10
1430425548.853593,8
1430425548.868672,10
1430425548.882646,11
1430425548.898093,10
1430425548.913636,10
1430425548.929063,9
1430425548.943164,10
1430425548.958936,11
1430425548.973601,9
1430425548.988331,11
1430425549.002174,10
1430425549.021289,13
1430425549.036680,11
1430425549.056191,10
1430425549.071556,11
1430425549.086627,12
1430425549.100938,12
1430425549.115919,13
1430425549.130853,14
1430425549.147161,13
1430425549.161596,13
1430425549.176281,15
1430425549.190837,14
1430425549.206181,15
1430425549.220721,15
1430425549.235216,14
1430425549.251463,14
1430425549.266075,16
1430425549.281016,16
1430425549.295669,16
1430425549.309842,17
1430425549.325660,17
1430425549.339901,17
1430425549.353898,17
1430425549.367961,18
1430425549.383319,17
1430425549.398785,17
1430425549.413140,16
1430425549.428179,18
1430425549.442993,19
1430425549.458129,21
1430425549.473015,19
1430425549.488798,20
1430425549.504559,19
1430425549.520408,19
1430425549.535484,19
1430425549.550273,19
1430425549.564337,20
1430425549.579311,20
1430425549.593929,23
1430425549.609223,22
1430425549.623828,21
1430425549.639756,16
1430425549.654652,11
1430425549.668851,10
1430425549.683290,6
1430425549.697890,6
1430425549.714996,11
1430425549.729885,8
1430425549.743959,10
1430425549.758738,10
1430425549.773359,8
1430425549.787789,8
1430425549.802032,10
1430425549.817594,8
1430425549.841327,10
1430425549.857782,9
1430425549.872116,9
1430425549.887562,10
1430425549.901607,11
1430425549.915899,12
1430425549.930930,11
1430425549.946389,11
1430425549.960951,14
1430425549.975118,12
1430425549.990426,12
1430425550.004633,12
1430425550.019289,12
1430425550.033802,12
1430425550.050582,12
1430425550.066001,12
1430425550.080346,12
1430425550.095071,13
1430425550.110398,15
1430425550.125277,15
1430425550.139505,16
1430425550.154191,14
1430425550.169092,16
1430425550.183971,15
1430425550.199626,17
1430425550.213829,17
1430425550.228957,16
1430425550.243994,17
1430425550.259807,15
1430425550.273540,18
1430425550.288313,17
1430425550.302663,19
1430425550.317515,19
1430425550.331846,20
1430425550.349407,20
1430425550.364459,19
1430425550.379621,18
1430425550.395041,19
1430425550.412456,19
1430425550.428727,19
1430425550.443990,19
1430425550.459320,21
1430425550.474025,21
1430425550.490281,19
1430425550.504984,19
1430425550.520014,19
1430425550.535735,16
1430425550.551015,11
1430425550.565562,5
1430425550.580607,11
1430425550.596084,9
1430425550.610253,10
1430425550.626217,7
1430425550.641238,8
1430425550.656011,10
1430425550.670315,8
1430425550.685432,8
1430425550.700190,8
1430425550.714605,8
1430425550.729765,9
1430425550.743490,9
1430425550.758783,8
1430425550.776219,10
1430425550.793525,11
1430425550.808983,11
1430425550.823042,12
1430425550.839955,10
1430425550.855280,12
1430425550.870796,13
1430425550.885972,12
1430425550.901060,13
1430425550.916412,11
1430425550.931298,12
1430425550.946931,11
1430425550.961888,13
1430425550.977831,15
1430425550.996133,14
1430425551.011935,18
1430425551.028437,15
1430425551.042416,14
1430425551.057000,16
1430425551.071760,15
1430425551.086713,16
1430425551.101561,16
1430425551.117117,15
1430425551.141546,14
1430425551.157358,15
1430425551.174015,16
1430425551.188982,17
1430425551.203753,18
1430425551.218299,17
1430425551.233285,21
1430425551.248241,20
1430425551.263300,17
1430425551.279240,19
1430425551.294935,20
1430425551.309151,19
1430425551.323866,20
1430425551.338689,20
1430425551.353078,23
1430425551.368997,21
1430425551.383323,20
1430425551.398541,21
1430425551.413105,18
1430425551.428484,12
1430425551.444058,12
1430425551.459778,14
1430425551.474424,15
1430425551.489763,15
1430425551.506110,13
1430425551.520496,17
1430425551.538599,17
1430425551.553335,16
1430425551.569113,17
1430425551.583187,13
1430425551.600155,16
1430425551.613879,15
1430425551.629026,15
1430425551.643971,16
1430425551.660072,15
1430425551.674035,17
1430425551.689267,17
1430425551.703448,16
1430425551.718573,15
1430425551.733386,16
1430425551.748299,16
1430425551.763643,16
1430425551.779986,18
1430425551.794645,17
1430425551.809790,15
1430425551.824563,16
1430425551.840123,17
1430425551.854067,19
1430425551.869131,18
1430425551.883157,19
1430425551.899160,21
1430425551.913900,19
1430425551.928739,21
1430425551.944029,21
1430425551.959689,19
1430425551.974431,21
1430425551.990108,22
1430425552.004106,20
1430425552.018817,20
1430425552.034040,18
1430425552.049680,15
1430425552.069442,17
1430425552.083984,16
1430425552.099839,16
1430425552.115011,16
1430425552.129373,18
1430425552.143761,19
1430425552.160234,18
1430425552.174916,18
1430425552.189656,19
1430425552.204014,19
1430425552.221168,19
1430425552.236645,18
1430425552.252839,18
1430425552.268204,20
1430425552.282884,21
1430425552.297503,20
1430425552.312210,22
1430425552.326585,19
1430425552.341708,16
1430425552.356803,15
1430425552.372630,13
1430425552.389377,14
1430425552.404990,14
1430425552.420971,15
1430425552.437052,15
1430425552.452609,16
1430425552.467302,14
1430425552.482408,14
1430425552.500107,14
1430425552.514947,14
1430425552.529459,13
1430425552.543855,16
1430425552.558970,14
1430425552.573936,16
1430425552.589164,14
1430425552.604903,14
1430425552.619537,16
1430425552.635172,18
1430425552.651201,16
1430425552.665711,16
1430425552.681102,18
1430425552.695479,17
1430425552.709793,17
1430425552.725033,18
1430425552.741504,18
1430425552.756651,18
1430425552.771640,17
1430425552.789105,20
1430425552.803526,18
1430425552.818431,18
1430425552.833909,17
1430425552.849356,19
1430425552.863605,18
1430425552.878160,21
1430425552.893059,20
1430425552.907633,20
1430425552.922823,21
1430425552.937414,21
1430425552.951726,21
1430425552.966251,21
1430425552.980443,20
1430425552.994543,14
1430425553.008132,14
1430425553.022758,13
1430425553.038272,14
1430425553.053033,14
1430425553.067987,14
1430425553.083175,13
1430425553.097637,12
1430425553.112327,13
1430425553.127447,13
1430425553.141759,13
1430425553.159462,15
1430425553.173700,14
1430425553.191493,16
1430425553.206153,13
1430425553.221313,16
1430425553.236050,15
1430425553.251108,19
1430425553.266087,16
1430425553.283839,18
1430425553.300329,19
1430425553.315015,17
1430425553.329506,16
1430425553.343742,16
1430425553.358521,16
1430425553.373540,16
1430425553.389544,18
1430425553.403499,18
1430425553.418478,20
1430425553.434391,18
1430425553.450917,17
1430425553.465406,17
1430425553.479470,18
1430425553.493613,21
1430425553.509586,18
1430425553.524256,19
1430425553.538842,19
1430425553.553044,22
1430425553.568979,21
1430425553.583249,19
1430425553.598722,21
1430425553.613893,20
1430425553.628642,15
1430425553.643356,18
1430425553.658647,13
1430425553.673154,13
1430425553.687889,14
1430425553.702866,12
1430425553.717763,13
1430425553.731791,13
1430425553.747159,13
1430425553.762080,15
1430425553.778218,13
1430425553.792427,13
1430425553.807366,13
1430425553.822513,14
1430425553.839750,15
1430425553.854306,13
1430425553.870110,15
1430425553.884499,19
1430425553.899972,17
1430425553.914991,15
1430425553.930206,16
1430425553.945543,17
1430425553.960583,17
1430425553.976971,16
1430425553.991492,18
1430425554.006509,15
1430425554.020799,19
1430425554.038217,19
1430425554.052511,17
1430425554.069287,16
1430425554.083422,18
1430425554.097935,18
1430425554.114533,18
1430425554.129597,18
1430425554.144529,19
1430425554.159508,18
1430425554.174165,20
1430425554.190140,19
1430425554.204482,22
1430425554.219887,20
1430425554.235494,21
1430425554.251105,23
1430425554.265529,21
1430425554.279604,20
1430425554.299636,18
1430425554.313606,14
1430425554.328065,10
1430425554.343339,11
1430425554.360050,13
1430425554.376201,11
1430425554.391459,14
1430425554.405953,11
1430425554.420675,12
1430425554.437253,12
1430425554.452201,10
1430425554.467694,12
1430425554.482149,12
1430425554.498403,13
1430425554.513827,11
1430425554.528317,12
1430425554.542718,12
1430425554.558713,13
1430425554.573035,14
1430425554.588860,14
1430425554.603362,13
1430425554.619301,12
1430425554.635293,15
1430425554.652307,16
1430425554.667548,14
1430425554.682039,15
1430425554.697831,16
1430425554.712538,15
1430425554.727918,15
1430425554.742226,15
1430425554.757448,14
1430425554.771550,16
1430425554.785676,18
1430425554.800666,17
1430425554.819153,19
1430425554.833920,20
1430425554.849441,18
1430425554.863604,19
1430425554.879204,16
1430425554.893782,18
1430425554.909503,18
1430425554.924368,19
1430425554.938875,20
1430425554.953189,18
1430425554.968086,20
1430425554.983188,18
1430425554.999914,18
1430425555.015588,20
1430425555.030770,22
1430425555.045459,22
1430425555.060614,21
1430425555.075777,21
1430425555.090354,20
1430425555.106069,15
1430425555.121182,12
1430425555.136891,6
1430425555.152342,10
1430425555.170037,7
1430425555.185073,10
1430425555.200697,8
1430425555.215541,8
1430425555.230259,8
1430425555.244325,8
1430425555.261706,10
1430425555.276767,9
1430425555.291214,9
1430425555.309668,9
1430425555.324437,11
1430425555.339727,10
1430425555.354281,9
1430425555.371166,12
1430425555.386872,12
1430425555.401946,9
1430425555.418296,10
1430425555.435101,14
1430425555.451543,11
1430425555.467037,10
1430425555.480984,13
1430425555.497552,13
1430425555.511637,12
1430425555.527006,13
1430425555.542665,11
1430425555.558032,14
1430425555.573168,15
1430425555.588828,15
1430425555.603456,15
1430425555.618611,15
1430425555.633819,17
1430425555.650868,17
1430425555.664996,15
1430425555.679213,16
1430425555.693891,16
1430425555.708243,14
1430425555.723595,17
1430425555.738746,17
1430425555.753281,15
1430425555.768164,16
1430425555.782063,16
1430425555.796434,16
1430425555.811179,18
1430425555.825405,19
1430425555.841184,18
1430425555.856869,20
1430425555.872514,18
1430425555.887217,18
1430425555.903334,20
1430425555.917577,20
1430425555.931942,21
1430425555.946667,21
1430425555.965579,22
1430425555.980370,19
1430425555.995343,17
1430425556.010286,11
1430425556.025669,12
1430425556.040395,13
1430425556.055654,15
1430425556.070458,14
1430425556.084553,14
1430425556.101027,16
1430425556.114858,14
1430425556.129228,16
1430425556.144925,16
1430425556.160458,15
1430425556.175713,15
1430425556.190645,15
1430425556.206038,14
1430425556.220547,16
1430425556.235404,16
1430425556.249736,16
1430425556.265792,16
1430425556.280905,15
1430425556.295464,18
1430425556.310702,16
1430425556.325037,16
1430425556.339200,17
1430425556.354490,15
1430425556.369067,14
1430425556.383631,17
1430425556.398739,16
1430425556.413676,19
1430425556.428427,19
1430425556.443878,18
1430425556.458762,19
1430425556.475447,19
1430425556.491051,17
1430425556.505384,19
1430425556.520851,19
1430425556.536533,21
1430425556.551256,22
1430425556.566077,22
1430425556.580567,19
1430425556.594674,21
1430425556.610209,20
1430425556.625936,15
1430425556.641987,17
1430425556.658332,15
1430425556.675634,19
1430425556.690508,17
1430425556.706106,20
1430425556.721111,17
1430425556.737261,18
1430425556.752161,18
1430425556.766399,18
1430425556.780918,18
1430425556.795402,20
1430425556.810640,19
1430425556.824455,19
1430425556.839902,20
1430425556.854214,20
1430425556.868712,20
1430425556.883248,21
1430425556.898751,20
1430425556.912658,18
1430425556.927834,14
1430425556.942472,13
1430425556.956924,15
1430425556.972196,16
1430425556.989169,16
1430425557.004191,14
1430425557.019754,17
1430425557.035830,16
1430425557.051432,17
1430425557.066704,17
1430425557.081618,17
1430425557.097410,16
1430425557.114232,19
1430425557.129011,19
1430425557.143388,17
1430425557.157778,17
1430425557.173261,20
1430425557.188803,21
1430425557.204412,21
1430425557.219935,21
1430425557.234645,19
1430425557.251278,18
1430425557.265617,15
1430425557.280651,15
1430425557.295136,16
1430425557.309154,16
1430425557.323059,15
1430425557.338513,15
1430425557.352895,19
1430425557.367527,20
1430425557.381725,16
1430425557.396526,16
1430425557.411339,18
1430425557.426074,16
1430425557.442105,19
1430425557.456841,17
1430425557.470923,19
1430425557.487728,18
1430425557.502060,19
1430425557.517434,17
1430425557.531186,17
1430425557.546800,18
1430425557.561033,19
1430425557.576786,18
1430425557.591530,21
1430425557.606121,20
1430425557.621232,21
1430425557.640733,22
1430425557.655309,21
1430425557.669941,18
1430425557.685738,14
1430425557.700927,12
1430425557.716873,9
1430425557.732699,10
1430425557.749166,12
1430425557.766042,10
1430425557.781371,12
1430425557.795939,12
1430425557.812070,11
1430425557.827977,11
1430425557.842874,14
1430425557.859664,12
1430425557.875457,13
1430425557.889811,14
1430425557.905794,12
1430425557.921051,11
1430425557.935584,12
1430425557.950657,13
1430425557.966853,14
1430425557.981150,15
1430425557.995476,16
1430425558.009691,15
1430425558.024067,15
1430425558.040199,18
1430425558.054304,16
1430425558.069343,15
1430425558.083133,14
1430425558.098021,17
1430425558.112707,15
1430425558.128226,16
1430425558.142535,16
1430425558.157882,16
1430425558.171768,17
1430425558.187245,16
1430425558.201605,19
1430425558.217369,18
1430425558.231581,17
1430425558.245931,17
1430425558.262213,20
1430425558.278288,18
1430425558.292854,20
1430425558.308214,21
1430425558.322744,20
1430425558.338101,19
1430425558.352475,19
1430425558.367330,21
1430425558.382076,21
1430425558.396863,18
1430425558.411113,17
1430425558.425600,16
1430425558.439830,15
1430425558.455102,16
1430425558.470531,18
1430425558.486258,17
1430425558.501546,19
1430425558.517196,18
1430425558.533516,18
1430425558.548090,18
1430425558.563014,19
1430425558.578652,21
1430425558.593145,21
1430425558.607827,18
1430425558.623065,20
1430425558.637392,21
1430425558.651901,21
1430425558.667620,20
1430425558.682654,20
1430425558.698847,17
1430425558.713866,14
1430425558.729491,14
1430425558.744101,16
1430425558.758595,17
1430425558.772645,17
1430425558.787762,15
1430425558.802492,15
1430425558.816962,15
1430425558.831229,15
1430425558.845412,16
1430425558.862398,17
1430425558.876830,17
1430425558.892051,17
1430425558.907439,18
1430425558.922525,20
1430425558.937290,19
1430425558.954490,18
1430425558.970485,19
1430425558.986724,19
1430425559.002337,20
1430425559.018027,19
1430425559.032825,19
1430425559.048415,18
1430425559.062829,19
1430425559.078639,20
1430425559.095998,21
1430425559.111326,21
1430425559.126796,22
1430425559.141669,20
1430425559.156313,17
1430425559.171413,14
1430425559.186677,9
1430425559.200982,6
1430425559.215537,8
1430425559.229788,10
1430425559.244404,7
1430425559.259181,7
1430425559.273993,8
1430425559.288756,9
1430425559.303135,9
1430425559.317887,8
1430425559.332700,8
1430425559.350016,10
1430425559.365336,7
1430425559.380773,10
1430425559.395523,9
1430425559.411522,9
1430425559.425920,10
1430425559.440170,13
1430425559.455669,12
1430425559.470617,11
1430425559.485675,12
1430425559.500080,12
1430425559.514339,11
1430425559.528684,14
1430425559.543741,12
1430425559.558636,12
1430425559.573899,13
1430425559.588766,11
1430425559.602709,14
1430425559.619087,14
1430425559.633146,15
1430425559.648994,16
1430425559.663506,16
1430425559.678888,15
1430425559.693858,16
1430425559.708191,17
1430425559.722752,18
1430425559.737633,16
1430425559.752225,16
1430425559.766559,16
1430425559.782250,16
1430425559.797597,15
1430425559.811696,16
1430425559.827120,15
1430425559.843045,18
1430425559.859694,18
1430425559.874576,18
1430425559.890340,20
1430425559.906626,19
1430425559.921631,18
1430425559.937418,19
1430425559.953194,18
1430425559.968955,19
1430425559.984828,21
1430425559.999922,19
1430425560.014372,19
1430425560.030250,17
1430425560.046862,16
1430425560.061739,17
1430425560.078275,18
1430425560.092500,19
1430425560.107795,19
1430425560.122768,18
1430425560.137663,20
1430425560.152005,19
1430425560.167524,19
1430425560.183089,19
1430425560.197841,20
1430425560.212880,19
1430425560.228523,18
1430425560.244102,19
1430425560.259391,19
1430425560.275556,21
1430425560.292229,20
1430425560.307145,21
1430425560.322260,19
1430425560.337722,16
1430425560.351916,11
1430425560.366327,13
1430425560.380948,13
1430425560.395502,15
1430425560.409694,15
1430425560.424578,14
1430425560.439039,15
1430425560.453754,13
1430425560.467988,15
1430425560.483361,14
1430425560.497653,14
1430425560.512187,15
1430425560.526703,15
1430425560.541802,15
1430425560.556622,15
1430425560.571085,13
1430425560.585585,16
1430425560.599822,17
1430425560.613742,17
1430425560.633637,17
1430425560.648629,16
1430425560.662745,18
1430425560.677314,18
1430425560.692629,17
1430425560.707550,16
1430425560.722286,18
1430425560.738563,19
1430425560.753522,19
1430425560.769081,18
1430425560.784318,18
1430425560.799114,18
1430425560.813388,18
1430425560.828894,17
1430425560.843401,18
1430425560.858226,18
1430425560.873104,19
1430425560.889930,19
1430425560.904612,21
1430425560.918435,22
1430425560.932880,20
1430425560.947799,16
1430425560.962962,16
1430425560.978580,19
1430425560.992707,18
1430425561.007855,19
1430425561.023533,20
1430425561.037989,19
1430425561.055075,18
1430425561.070410,19
1430425561.084703,17
1430425561.099722,19
1430425561.113853,19
1430425561.128776,21
1430425561.144377,20
1430425561.159797,19
1430425561.174937,21
1430425561.189493,18
1430425561.205497,19
1430425561.219739,21
1430425561.234387,18
1430425561.248762,12
1430425561.264363,12
1430425561.280050,11
1430425561.295715,15
1430425561.310176,15
1430425561.324656,15
1430425561.340235,14
1430425561.354455,15
1430425561.369599,14
1430425561.387330,13
1430425561.401554,14
1430425561.417130,14
1430425561.432204,14
1430425561.447665,14
1430425561.464181,15
1430425561.479066,15
1430425561.494039,17
1430425561.508690,15
1430425561.523598,17
1430425561.538096,17
1430425561.552719,17
1430425561.568677,18
1430425561.584243,16
1430425561.598776,15
1430425561.613184,18
1430425561.627647,19
1430425561.641918,17
1430425561.656325,17
1430425561.670560,17
1430425561.684562,18
1430425561.699671,17
1430425561.713865,18
1430425561.728739,17
1430425561.742869,20
1430425561.757015,20
1430425561.772148,20
1430425561.787689,22
1430425561.802059,21
1430425561.816440,21
1430425561.831804,19
1430425561.846622,14
1430425561.860952,11
1430425561.878361,13
1430425561.893727,14
1430425561.909268,17
1430425561.924377,15
1430425561.939128,15
1430425561.953540,13
1430425561.968677,13
1430425561.987003,14
1430425562.001494,14
1430425562.018220,16
1430425562.032642,14
1430425562.047549,15
1430425562.062887,14
1430425562.079095,15
1430425562.093622,15
1430425562.108599,17
1430425562.123358,17
1430425562.138470,17
1430425562.153310,20
1430425562.169677,17
1430425562.185477,18
1430425562.200731,17
1430425562.216719,17
1430425562.230870,19
1430425562.246617,20
1430425562.261738,18
1430425562.276889,19
1430425562.291930,18
1430425562.307034,19
1430425562.321472,18
1430425562.336830,18
1430425562.350811,18
1430425562.365776,18
1430425562.380043,19
1430425562.395602,20
1430425562.410551,21
1430425562.424652,21
1430425562.439062,21
1430425562.454167,22
1430425562.469380,18
1430425562.483134,13
1430425562.499464,12
1430425562.514830,10
1430425562.538199,11
1430425562.553120,11
1430425562.571545,13
1430425562.587610,12
1430425562.601963,10
1430425562.616140,11
1430425562.631561,13
1430425562.647044,11
1430425562.662104,10
1430425562.677455,12
1430425562.691702,10
1430425562.707171,14
1430425562.721256,13
1430425562.737691,12
1430425562.753103,12
1430425562.769697,12
1430425562.784267,11
1430425562.798605,4
1430425562.812970,7
1430425562.829284,5
1430425562.843720,7
1430425562.858698,4
1430425562.873258,8
1430425562.887992,6
1430425562.904092,7
1430425562.918501,6
1430425562.933665,6
1430425562.949068,6
1430425562.964629,7
1430425562.978905,6
1430425562.992949,7
1430425563.008410,7
1430425563.025413,6
1430425563.040356,7
1430425563.055624,6
1430425563.070605,7
1430425563.086236,6
1430425563.101354,8
1430425563.118309,7
1430425563.134102,6
1430425563.150419,7
1430425563.164590,7
1430425563.178757,4
1430425563.193038,9
1430425563.207554,8
1430425563.221676,8
1430425563.236003,10
1430425563.251771,8
1430425563.266715,9
1430425563.280671,8
1430425563.295034,7
1430425563.310516,8
1430425563.325539,8
1430425563.339845,9
1430425563.354412,9
1430425563.369079,9
1430425563.385293,8
1430425563.400799,9
1430425563.415282,8
1430425563.430227,9
1430425563.443995,9
1430425563.459016,9
1430425563.474947,9
1430425563.490128,9
1430425563.505302,9
1430425563.519131,9
1430425563.533153,9
1430425563.550746,9
1430425563.566307,9
1430425563.584482,9
1430425563.599830,9
1430425563.615355,9
1430425563.629410,9
1430425563.643947,9
1430425563.659050,9
1430425563.673021,9
1430425563.687719,9
1430425563.702343,9
1430425563.716895,9
1430425563.730738,9
1430425563.744872,9
1430425563.761072,9
1430425563.775483,9
1430425563.790275,10
1430425563.804441,10
1430425563.820819,10
1430425563.837342,10
1430425563.852240,9
1430425563.866669,9
1430425563.882391,10
1430425563.897996,9
1430425563.912873,10
1430425563.927721,10
1430425563.945526,9
1430425563.962962,10
1430425563.978760,10
1430425563.994059,10
1430425564.009936,10
1430425564.025547,10
1430425564.039931,10
1430425564.054450,10
1430425564.068934,10
1430425564.083913,10
1430425564.099761,10
1430425564.114568,10
1430425564.129856,10
1430425564.145800,10
1430425564.161554,10
1430425564.176510,10
1430425564.191439,10
1430425564.206799,10
1430425564.223169,10
1430425564.244343,10
1430425564.261577,10
1430425564.277011,10
1430425564.290870,10
1430425564.305220,11
1430425564.320157,10
1430425564.334330,10
1430425564.349822,10
1430425564.366633,10
1430425564.381579,10
1430425564.396776,10
1430425564.410989,10
1430425564.425421,10
1430425564.440746,10
1430425564.455665,9
1430425564.471066,10
1430425564.486710,10
1430425564.502093,10
1430425564.516347,10
1430425564.530978,10
1430425564.545640,10
1430425564.559745,10
1430425564.574053,10
1430425564.589020,10
1430425564.603411,10
1430425564.618787,10
1430425564.634283,10
1430425564.648661,10
1430425564.663403,10
1430425564.677384,10
1430425564.691984,10
1430425564.707208,10
1430425564.722295,10
1430425564.736415,10
1430425564.753255,10
1430425564.768812,10
1430425564.782940,10
1430425564.798447,10
1430425564.813991,10
1430425564.828194,10
1430425564.842138,10
1430425564.857311,10
1430425564.873020,11
1430425564.888561,11
1430425564.906042,11
1430425564.920309,11
1430425564.935524,11
1430425564.951453,11
1430425564.966246,11
1430425564.981117,11
1430425564.995730,11
1430425565.010692,11
1430425565.025905,11
1430425565.040177,11
1430425565.054292,11
1430425565.068594,11
1430425565.083172,11
1430425565.100107,11
1430425565.115172,10
1430425565.129823,11
1430425565.147571,11
1430425565.161857,11
1430425565.177814,11
1430425565.192357,11
1430425565.207105,11
1430425565.222251,11
1430425565.237530,11
1430425565.252201,10
1430425565.267264,10
1430425565.281995,11
1430425565.299331,11
1430425565.313416,12
1430425565.327876,11
1430425565.343480,11
1430425565.358886,11
1430425565.373935,11
1430425565.394459,11
1430425565.409462,11
1430425565.423933,11
1430425565.438455,11
1430425565.453332,11
1430425565.469134,11
1430425565.483672,12
1430425565.499113,12
1430425565.514468,12
1430425565.528818,12
1430425565.545343,12
1430425565.560250,12
1430425565.575603,12
1430425565.592218,12
1430425565.606933,12
1430425565.621499,12
1430425565.636630,12
1430425565.650995,12
1430425565.666191,11
1430425565.680473,12
1430425565.696469,12
1430425565.711807,12
1430425565.726345,12
1430425565.741490,12
1430425565.758916,12
1430425565.772974,12
1430425565.789141,12
1430425565.803956,12
1430425565.818322,12
1430425565.834559,12
1430425565.850339,11
1430425565.864031,11
1430425565.878861,12
1430425565.895143,12
1430425565.910538,12
1430425565.924729,11
1430425565.939763,11
1430425565.954573,11
1430425565.970009,11
1430425565.984575,11
1430425566.001218,11
1430425566.015860,12
1430425566.030162,12
1430425566.046833,11
1430425566.060788,11
1430425566.082138,11
1430425566.102805,11
1430425566.118680,11
1430425566.132987,11
1430425566.149738,11
1430425566.163607,11
1430425566.178400,11
1430425566.193793,11
1430425566.208333,11
1430425566.223571,12
1430425566.238935,12
1430425566.253903,12
1430425566.270000,12
1430425566.284412,12
1430425566.300482,11
1430425566.316758,13
1430425566.331126,12
1430425566.346013,12
1430425566.361150,12
1430425566.375684,12
1430425566.389799,12
1430425566.405500,11
1430425566.420829,11
1430425566.436469,12
1430425566.450623,11
1430425566.464566,12
1430425566.479622,12
1430425566.493931,12
1430425566.509888,12
1430425566.527075,11
1430425566.541360,11
1430425566.556083,11
1430425566.570401,11
1430425566.585487,11
1430425566.599759,11
1430425566.613824,11
1430425566.628126,11
1430425566.643102,12
1430425566.659738,12
1430425566.674142,12
1430425566.690058,12
1430425566.704326,12
1430425566.718369,12
1430425566.732686,12
1430425566.748563,12
1430425566.765265,12
1430425566.787039,12
1430425566.803889,12
1430425566.818228,12
1430425566.833699,12
1430425566.850845,12
1430425566.866451,12
1430425566.882238,13
1430425566.897541,13
1430425566.912934,12
1430425566.928049,12
1430425566.943094,13
1430425566.961009,12
1430425566.975285,13
1430425566.989632,13
1430425567.004436,13
1430425567.019926,13
1430425567.035474,13
1430425567.050873,13
1430425567.066317,13
1430425567.081448,12
1430425567.096503,13
1430425567.112889,13
1430425567.126985,13
1430425567.141402,13
1430425567.155804,13
1430425567.171404,13
1430425567.185359,12
1430425567.199530,13
1430425567.214046,13
1430425567.229300,13
1430425567.244008,13
1430425567.258469,13
1430425567.274198,13
1430425567.289961,13
1430425567.304642,13
1430425567.319658,13
1430425567.335229,12
1430425567.350164,12
1430425567.364584,12
1430425567.379766,12
1430425567.394068,12
1430425567.408377,12
1430425567.423517,12
1430425567.437740,12
1430425567.451466,12
1430425567.465777,12
1430425567.480478,12
1430425567.496018,12
1430425567.510740,12
1430425567.525430,12
1430425567.540370,13
1430425567.554506,13
1430425567.569750,13
1430425567.584400,13
1430425567.598668,13
1430425567.613144,13
1430425567.628013,13
1430425567.642561,13
1430425567.656865,13
1430425567.671115,13
1430425567.686482,13
1430425567.701095,13
1430425567.717348,12
1430425567.732100,12
1430425567.747366,12
1430425567.762015,12
1430425567.775795,12
1430425567.790043,12
1430425567.804576,12
1430425567.819497,12
1430425567.836281,12
1430425567.850988,13
1430425567.865841,13
1430425567.880389,13
1430425567.896625,13
1430425567.911036,13
1430425567.926151,13
1430425567.944424,13
1430425567.963357,13
1430425567.977929,12
1430425567.991809,12
1430425568.006715,12
1430425568.020772,12
1430425568.036703,12
1430425568.051029,12
1430425568.069878,12
1430425568.087063,12
1430425568.103305,12
1430425568.118898,12
1430425568.134062,12
1430425568.149550,13
1430425568.164006,13
1430425568.180663,13
1430425568.196056,13
1430425568.210334,13
1430425568.225332,13
1430425568.240277,13
1430425568.256098,13
1430425568.270920,13
1430425568.285565,12
1430425568.299635,13
1430425568.315524,14
1430425568.329618,13
1430425568.343635,13
1430425568.358445,14
1430425568.373094,14
1430425568.387919,13
1430425568.402096,13
1430425568.417354,13
1430425568.431503,13
1430425568.448293,14
1430425568.463319,14
1430425568.479232,13
1430425568.493924,13
1430425568.510968,13
1430425568.526980,13
1430425568.541320,13
1430425568.556920,13
1430425568.573514,13
1430425568.589351,13
1430425568.603706,14
1430425568.618052,14
1430425568.634196,14
1430425568.648802,14
1430425568.664155,14
1430425568.679503,14
1430425568.693529,14
1430425568.709747,14
1430425568.725262,14
1430425568.740002,14
1430425568.755698,14
1430425568.770671,14
1430425568.786621,14
1430425568.801128,13
1430425568.815612,13
1430425568.831549,14
1430425568.849754,14
1430425568.864228,14
1430425568.879488,14
1430425568.897807,14
1430425568.914679,14
1430425568.929334,14
1430425568.943401,14
1430425568.959689,14
1430425568.974183,14
1430425568.990318,14
1430425569.005647,13
1430425569.021025,13
1430425569.036312,13
1430425569.050789,13
1430425569.066929,13
1430425569.081577,13
1430425569.096750,13
1430425569.111004,13
1430425569.127555,13
1430425569.141978,13
1430425569.157500,13
1430425569.172484,13
1430425569.189683,13
1430425569.203843,13
1430425569.220857,13
1430425569.235013,13
1430425569.249543,13
1430425569.266651,13
1430425569.281468,13
1430425569.297290,13
1430425569.312877,14
1430425569.328143,13
1430425569.342204,14
1430425569.359310,13
1430425569.373846,13
1430425569.391580,13
1430425569.407370,14
1430425569.422787,13
1430425569.444014,14
1430425569.461726,14
1430425569.476076,14
1430425569.490381,14
1430425569.506057,14
1430425569.520991,14
1430425569.535701,13
1430425569.550100,14
1430425569.565399,13
1430425569.579992,13
1430425569.595004,13
1430425569.610327,13
1430425569.624536,13
1430425569.640235,13
1430425569.655213,13
1430425569.669427,13
1430425569.683775,13
1430425569.698793,13
1430425569.714311,13
1430425569.729192,13
1430425569.743340,13
1430425569.759601,13
1430425569.775756,13
1430425569.790175,13
1430425569.805699,13
1430425569.820319,13
1430425569.835142,13
1430425569.850283,13
1430425569.865918,13
1430425569.881629,13
1430425569.896426,13
1430425569.910888,13
1430425569.925187,13
1430425569.939852,13
1430425569.953942,13
1430425569.968185,13
1430425569.983251,13
1430425569.997775,13
1430425570.012442,13
1430425570.027767,13
1430425570.041944,13
1430425570.056438,12
1430425570.070511,13
1430425570.084616,13
1430425570.100940,13
1430425570.117342,13
1430425570.131611,13
1430425570.146518,13
1430425570.161300,13
1430425570.177106,13
1430425570.191122,13
1430425570.206108,13
1430425570.220489,13
1430425570.234256,13
1430425570.248633,14
1430425570.262830,13
1430425570.278396,13
1430425570.293296,13
1430425570.308496,14
1430425570.323526,15
1430425570.341447,14
1430425570.357188,14
1430425570.372104,14
1430425570.388028,14
1430425570.403306,15
1430425570.417542,15
1430425570.432449,15
1430425570.447618,15
1430425570.461749,15
1430425570.477843,15
1430425570.493649,15
1430425570.509687,15
1430425570.524537,15
1430425570.538969,15
1430425570.554499,15
1430425570.569653,15
1430425570.584270,15
1430425570.599386,15
1430425570.613811,15
1430425570.628543,15
1430425570.643578,15
1430425570.658691,15
1430425570.673357,15
1430425570.687640,14
1430425570.702610,15
1430425570.716553,15
1430425570.731349,15
1430425570.745596,15
1430425570.760310,15
1430425570.775817,15
1430425570.790119,15
1430425570.805009,15
1430425570.819337,15
1430425570.834613,15
1430425570.848953,15
1430425570.863390,15
1430425570.878425,15
1430425570.893397,15
1430425570.908867,15
1430425570.923775,15
1430425570.939000,15
1430425570.952729,15
1430425570.967660,15
1430425570.982382,15
1430425570.997576,15
1430425571.013005,15
1430425571.029301,15
1430425571.043443,15
1430425571.058940,15
1430425571.073566,15
1430425571.089152,14
1430425571.104893,15
1430425571.119765,15
1430425571.135422,15
1430425571.149787,15
1430425571.165196,15
1430425571.180498,15
1430425571.195352,15
1430425571.211092,15
1430425571.225875,15
1430425571.240344,15
1430425571.254314,15
1430425571.268811,15
1430425571.282797,15
1430425571.297876,14
1430425571.312255,14
1430425571.327700,16
1430425571.346563,15
1430425571.362525,15
1430425571.377205,15
1430425571.391770,15
1430425571.406004,15
1430425571.419913,15
1430425571.436058,15
1430425571.450605,15
1430425571.465810,15
1430425571.480398,15
1430425571.494976,15
1430425571.509527,15
1430425571.524173,15
1430425571.539702,15
1430425571.554980,15
1430425571.570531,15
1430425571.586290,15
1430425571.601712,15
1430425571.616293,15
1430425571.631223,15
1430425571.645614,15
1430425571.661125,15
1430425571.675319,15
1430425571.689843,15
1430425571.704484,15
1430425571.719928,15
1430425571.735444,15
1430425571.750546,15
1430425571.765798,15
1430425571.779851,14
1430425571.794875,14
1430425571.809074,15
1430425571.823023,14
1430425571.838833,14
1430425571.853344,14
1430425571.869959,14
1430425571.886003,14
1430425571.900832,14
1430425571.916173,15
1430425571.931657,15
1430425571.947198,15
1430425571.961765,15
1430425571.978172,15
1430425571.991962,15
1430425572.006592,14
1430425572.021557,14
1430425572.038493,14
1430425572.058744,14
1430425572.075807,15
1430425572.089616,14
1430425572.103655,15
1430425572.118783,14
1430425572.132852,14
1430425572.147875,14
1430425572.163467,14
1430425572.178783,15
1430425572.193592,14
1430425572.208131,14
1430425572.223051,14
1430425572.238108,15
1430425572.252377,15
1430425572.266726,15
1430425572.282547,14
1430425572.298242,15
1430425572.312743,15
1430425572.327920,16
1430425572.342622,14
1430425572.359139,14
1430425572.373588,14
1430425572.391938,14
1430425572.408390,14
1430425572.424435,14
1430425572.442160,14
1430425572.458641,14
1430425572.473257,15
1430425572.490294,15
1430425572.505491,8
1430425572.521898,0
1430425572.536988,1
1430425572.555661,0
1430425572.571263,0
1430425572.586714,0
1430425572.603267,0
1430425572.620670,0
1430425572.634910,0
1430425572.650227,0
1430425572.667812,0
1430425572.682215,0
1430425572.698650,0
1430425572.716825,0
1430425572.731906,0
1430425572.747751,0
1430425572.763609,0
1430425572.778419,0
1430425572.796306,0
1430425572.813582,0
1430425572.829174,0
1430425572.843589,0
1430425572.858325,0
1430425572.873464,0
1430425572.888240,0
1430425572.902430,0
1430425572.917455,0
1430425572.931334,0
1430425572.946937,0
1430425572.961663,0
1430425572.979691,0
1430425572.995708,0
1430425573.009986,0
1430425573.026360,0
1430425573.041614,0
1430425573.056878,0
1430425573.071260,0
1430425573.085584,0
1430425573.104485,0
1430425573.119893,0
1430425573.134127,0
1430425573.148734,0
1430425573.162885,0
1430425573.178852,0
1430425573.196797,0
1430425573.211834,0
1430425573.226052,0
1430425573.243635,0
1430425573.260092,0
1430425573.276282,0
1430425573.290480,0
