1430425896.801038,0
1430425896.816028,2
1430425896.830370,0
1430425896.844291,0
1430425896.859753,5
1430425896.873918,4
1430425896.891380,0
1430425896.905912,6
1430425896.921478,9
1430425896.936142,0
1430425896.952938,8
1430425896.967155,9
1430425896.981822,8
1430425896.995943,9
1430425897.010596,9
1430425897.024677,9
1430425897.039130,9
1430425897.054282,10
1430425897.069857,9
1430425897.084208,9
1430425897.100913,9
1430425897.115973,9
1430425897.131109,9
1430425897.146134,9
1430425897.161418,9
1430425897.175949,9
1430425897.190039,9
1430425897.204037,9
1430425897.219395,9
1430425897.235607,9
1430425897.250197,9
1430425897.264155,9
1430425897.278963,9
1430425897.293682,9
1430425897.308198,10
1430425897.322285,9
1430425897.336775,9
1430425897.351974,10
1430425897.368933,9
1430425897.383713,10
1430425897.398926,10
1430425897.414000,10
1430425897.429613,10
1430425897.443590,10
1430425897.457582,10
1430425897.472016,10
1430425897.486487,10
1430425897.501452,10
1430425897.517018,10
1430425897.531394,10
1430425897.548158,10
1430425897.562734,10
1430425897.576776,10
1430425897.591294,10
1430425897.606041,10
1430425897.621353,10
1430425897.635747,10
1430425897.650575,10
1430425897.664881,10
1430425897.679383,10
1430425897.695031,10
1430425897.710918,10
1430425897.725637,10
1430425897.740122,10
1430425897.754556,10
1430425897.769027,10
1430425897.784471,10
1430425897.799486,11
1430425897.815648,11
1430425897.830550,11
1430425897.847238,11
1430425897.861152,12
1430425897.876140,11
1430425897.891123,11
1430425897.905102,11
1430425897.920213,11
1430425897.934503,11
1430425897.948793,11
1430425897.966438,11
1430425897.982521,11
1430425897.997382,11
1430425898.014799,11
1430425898.028982,11
1430425898.044204,11
1430425898.059979,11
1430425898.074685,11
1430425898.089411,11
1430425898.103826,11
1430425898.118788,11
1430425898.132905,11
1430425898.148834,11
1430425898.163522,11
1430425898.178467,11
1430425898.193772,11
1430425898.208434,11
1430425898.222753,11
1430425898.238938,11
1430425898.253384,12
1430425898.269012,11
1430425898.283237,11
1430425898.299170,11
1430425898.319126,12
1430425898.334564,12
1430425898.349955,12
1430425898.364700,12
1430425898.380227,12
1430425898.394082,12
1430425898.409856,12
1430425898.427110,12
1430425898.441252,12
1430425898.455421,11
1430425898.470636,11
1430425898.486405,11
1430425898.501424,11
1430425898.518021,11
1430425898.532584,11
1430425898.547596,11
1430425898.562206,11
1430425898.576566,11
1430425898.591673,11
1430425898.606035,11
1430425898.620540,11
1430425898.635005,11
1430425898.650876,11
1430425898.665313,11
1430425898.680843,11
1430425898.695668,11
1430425898.710335,11
1430425898.725783,11
1430425898.740289,11
1430425898.754513,11
1430425898.768914,11
1430425898.783367,11
1430425898.799212,11
1430425898.813988,11
1430425898.830135,11
1430425898.844599,11
1430425898.860023,12
1430425898.874504,11
1430425898.888812,11
1430425898.902531,11
1430425898.917419,11
1430425898.931941,11
1430425898.947603,11
1430425898.963277,11
1430425898.979073,11
1430425898.992868,12
1430425899.007730,12
1430425899.022212,12
1430425899.036748,12
1430425899.050802,11
1430425899.065041,11
1430425899.080221,12
1430425899.095871,12
1430425899.110123,11
1430425899.124614,11
1430425899.139729,13
1430425899.154084,12
1430425899.168607,12
1430425899.183557,11
1430425899.203794,11
1430425899.219528,11
1430425899.234463,11
1430425899.258557,11
1430425899.272865,11
1430425899.287533,11
1430425899.303564,11
1430425899.319673,12
1430425899.334557,12
1430425899.351142,12
1430425899.366118,11
1430425899.381565,12
1430425899.396823,12
1430425899.413225,12
1430425899.427911,12
1430425899.448018,12
1430425899.463860,12
1430425899.478138,11
1430425899.493726,12
1430425899.509028,11
1430425899.524361,12
1430425899.539018,11
1430425899.553917,11
1430425899.568298,11
1430425899.583169,11
1430425899.599402,11
1430425899.614218,12
1430425899.629519,12
1430425899.644922,12
1430425899.659655,12
1430425899.674806,12
1430425899.689756,12
1430425899.705315,12
1430425899.720005,12
1430425899.734334,11
1430425899.750117,12
1430425899.763967,12
1430425899.778214,12
1430425899.793050,12
1430425899.807356,12
1430425899.822738,12
1430425899.836457,12
1430425899.850772,12
1430425899.866358,12
1430425899.879825,12
1430425899.894408,12
1430425899.908344,12
1430425899.923607,12
1430425899.940010,12
1430425899.954359,12
1430425899.970128,12
1430425899.984777,12
1430425899.999228,12
1430425900.014994,12
1430425900.029945,12
1430425900.044317,12
1430425900.059747,12
1430425900.075412,12
1430425900.091093,11
1430425900.105567,12
1430425900.120193,12
1430425900.134224,12
1430425900.148757,12
1430425900.165312,13
1430425900.179678,12
1430425900.195568,12
1430425900.209952,12
1430425900.225373,13
1430425900.240398,13
1430425900.255167,13
1430425900.269557,13
1430425900.284476,13
1430425900.299542,13
1430425900.313672,12
1430425900.328359,13
1430425900.343468,13
1430425900.358828,13
1430425900.373347,13
1430425900.387853,13
1430425900.403131,13
1430425900.418332,13
1430425900.434151,13
1430425900.451374,13
1430425900.465345,13
1430425900.480676,13
1430425900.495996,13
1430425900.509851,13
1430425900.524049,12
1430425900.539200,13
1430425900.554328,13
1430425900.569198,13
1430425900.583287,13
1430425900.598654,13
1430425900.613637,13
1430425900.628974,13
1430425900.642911,13
1430425900.658117,13
1430425900.672801,13
1430425900.687539,13
1430425900.702526,13
1430425900.716510,13
1430425900.730484,13
1430425900.745375,13
1430425900.760259,13
1430425900.774278,12
1430425900.790505,13
1430425900.805533,12
1430425900.822913,12
1430425900.838864,11
1430425900.853734,12
1430425900.868728,13
1430425900.883047,12
1430425900.897104,13
1430425900.911191,13
1430425900.926380,13
1430425900.941238,13
1430425900.957017,13
1430425900.972378,13
1430425900.987695,13
1430425901.003022,13
1430425901.018630,13
1430425901.033595,13
1430425901.049342,13
1430425901.065047,13
1430425901.079802,13
1430425901.096488,13
1430425901.110432,13
1430425901.127147,13
1430425901.142083,14
1430425901.166388,14
1430425901.181486,15
1430425901.196431,14
1430425901.211104,14
1430425901.225203,13
1430425901.240528,14
1430425901.256214,14
1430425901.270882,14
1430425901.285446,14
1430425901.301015,14
1430425901.316796,14
1430425901.331070,14
1430425901.348913,13
1430425901.363214,13
1430425901.377448,14
1430425901.392084,13
1430425901.407612,14
1430425901.422166,14
1430425901.436537,14
1430425901.450817,14
1430425901.465970,13
1430425901.479990,14
1430425901.495391,13
1430425901.509951,13
1430425901.524311,13
1430425901.539750,14
1430425901.554712,14
1430425901.569535,14
1430425901.583848,14
1430425901.598884,14
1430425901.614417,14
1430425901.629559,13
1430425901.644089,14
1430425901.658966,13
1430425901.674142,14
1430425901.689944,13
1430425901.704159,14
1430425901.719836,14
1430425901.734319,14
1430425901.751095,14
1430425901.765866,14
1430425901.780246,14
1430425901.794551,13
1430425901.808711,13
1430425901.823511,13
1430425901.838584,14
1430425901.853427,14
1430425901.868000,14
1430425901.882000,14
1430425901.897154,13
1430425901.912648,14
1430425901.929085,14
1430425901.943564,14
1430425901.958242,14
1430425901.972914,14
1430425901.988096,14
1430425902.002331,14
1430425902.016885,14
1430425902.032062,14
1430425902.047609,14
1430425902.062766,13
1430425902.078285,14
1430425902.092681,14
1430425902.109820,14
1430425902.125453,14
1430425902.139991,14
1430425902.155172,14
1430425902.170082,14
1430425902.185323,13
1430425902.199741,15
1430425902.214442,14
1430425902.228800,14
1430425902.245511,14
1430425902.260020,14
1430425902.276075,14
1430425902.290501,15
1430425902.305245,15
1430425902.320201,15
1430425902.334599,15
1430425902.349435,15
1430425902.363939,15
1430425902.379975,15
1430425902.394015,15
1430425902.408833,15
1430425902.423200,15
1430425902.438122,15
1430425902.453323,15
1430425902.469866,14
1430425902.484955,15
1430425902.500006,15
1430425902.515530,14
1430425902.530600,14
1430425902.547223,14
1430425902.562489,14
1430425902.577730,15
1430425902.591719,14
1430425902.608282,14
1430425902.623587,14
1430425902.638045,14
1430425902.652073,14
1430425902.666327,14
1430425902.680489,14
1430425902.695715,14
1430425902.710491,14
1430425902.724603,14
1430425902.739820,14
1430425902.754389,15
1430425902.769374,14
1430425902.784304,14
1430425902.798923,14
1430425902.813562,14
1430425902.832812,14
1430425902.849044,14
1430425902.863348,15
1430425902.878736,14
1430425902.894072,15
1430425902.911220,15
1430425902.926414,15
1430425902.940817,15
1430425902.956309,14
1430425902.970307,14
1430425902.986206,14
1430425903.001822,14
1430425903.016169,14
1430425903.033252,15
1430425903.049296,15
1430425903.064928,15
1430425903.079886,15
1430425903.095996,15
1430425903.110116,15
1430425903.125380,15
1430425903.140631,15
1430425903.155244,15
1430425903.169335,15
1430425903.184519,15
1430425903.201042,16
1430425903.215354,15
1430425903.229444,15
1430425903.245376,14
1430425903.259682,15
1430425903.275166,14
1430425903.289348,15
1430425903.304165,15
1430425903.318662,15
1430425903.332771,15
1430425903.346883,15
1430425903.361845,15
1430425903.381037,16
1430425903.395544,16
1430425903.409952,16
1430425903.424337,16
1430425903.441858,16
1430425903.457015,16
1430425903.472079,16
1430425903.487066,16
1430425903.501162,16
1430425903.515818,16
1430425903.531512,16
1430425903.547438,15
1430425903.561978,16
1430425903.576311,16
1430425903.591421,16
1430425903.607333,16
1430425903.621690,16
1430425903.637933,16
1430425903.652263,16
1430425903.667463,16
1430425903.682469,16
1430425903.697669,16
1430425903.713057,16
1430425903.727376,16
1430425903.742132,16
1430425903.756326,16
1430425903.771014,16
1430425903.787889,16
1430425903.802887,16
1430425903.817828,16
1430425903.832908,16
1430425903.847188,16
1430425903.863975,16
1430425903.878684,16
1430425903.893121,16
1430425903.907804,16
1430425903.922972,16
1430425903.939339,16
1430425903.954017,16
1430425903.969175,16
1430425903.983790,16
1430425903.998324,16
1430425904.012689,16
1430425904.028290,16
1430425904.043171,16
1430425904.058900,16
1430425904.073784,16
1430425904.089929,16
1430425904.103962,16
1430425904.118867,16
1430425904.133988,16
1430425904.151883,16
1430425904.166257,16
1430425904.180981,17
1430425904.197031,16
1430425904.211808,16
1430425904.226729,16
1430425904.240989,16
1430425904.256282,16
1430425904.275770,16
1430425904.291682,16
1430425904.307259,16
1430425904.322475,16
1430425904.339577,16
1430425904.354203,16
1430425904.369151,16
1430425904.383837,16
1430425904.399922,16
1430425904.415582,16
1430425904.430727,16
1430425904.445496,16
1430425904.461047,16
1430425904.474920,16
1430425904.488949,15
1430425904.503051,15
1430425904.517168,16
1430425904.531829,15
1430425904.546158,16
1430425904.561687,15
1430425904.575850,15
1430425904.590058,15
1430425904.604579,15
1430425904.619156,15
1430425904.633846,15
1430425904.649273,15
1430425904.663391,16
1430425904.678929,15
1430425904.693224,15
1430425904.707535,15
1430425904.721492,15
1430425904.737266,15
1430425904.751218,15
1430425904.766522,15
1430425904.781378,15
1430425904.795555,15
1430425904.810043,15
1430425904.826248,15
1430425904.840742,15
1430425904.857633,14
1430425904.871769,15
1430425904.887893,15
1430425904.902678,15
1430425904.916979,15
1430425904.931811,15
1430425904.945722,15
1430425904.961316,15
1430425904.977142,15
1430425904.991243,15
1430425905.008339,15
1430425905.022613,15
1430425905.037002,15
1430425905.052151,15
1430425905.068137,15
1430425905.082817,15
1430425905.097505,15
1430425905.112942,15
1430425905.127536,15
1430425905.142750,16
1430425905.158733,16
1430425905.173687,15
1430425905.188915,15
1430425905.203429,15
1430425905.218928,15
1430425905.234247,15
1430425905.248883,15
1430425905.263839,15
1430425905.279369,15
1430425905.295231,15
1430425905.310490,15
1430425905.326202,15
1430425905.340898,15
1430425905.355255,15
1430425905.369645,15
1430425905.384015,15
1430425905.399302,15
1430425905.413676,15
1430425905.428427,15
1430425905.443759,15
1430425905.462420,15
1430425905.477922,15
1430425905.492280,15
1430425905.506267,15
1430425905.521670,15
1430425905.536299,15
1430425905.551941,16
1430425905.574103,15
1430425905.588893,15
1430425905.602952,16
1430425905.617444,16
1430425905.631528,16
1430425905.646334,15
1430425905.666598,16
1430425905.681445,15
1430425905.696863,16
1430425905.711132,16
1430425905.725165,16
1430425905.739743,16
1430425905.754428,16
1430425905.769418,15
1430425905.785527,15
1430425905.799884,16
1430425905.814612,16
1430425905.830800,16
1430425905.845610,16
1430425905.859756,16
1430425905.873756,16
1430425905.890011,15
1430425905.905361,15
1430425905.919559,15
1430425905.934404,16
1430425905.949745,16
1430425905.963728,16
1430425905.979170,15
1430425905.994372,16
1430425906.009728,16
1430425906.025510,16
1430425906.039608,16
1430425906.053761,16
1430425906.068987,15
1430425906.083161,16
1430425906.098735,16
1430425906.113756,16
1430425906.128700,16
1430425906.143405,16
1430425906.158072,15
1430425906.173400,17
1430425906.190313,17
1430425906.208848,15
1430425906.223989,16
1430425906.241073,16
1430425906.255426,16
1430425906.270139,16
1430425906.287784,16
1430425906.301905,16
1430425906.316675,16
1430425906.331597,16
1430425906.345866,16
1430425906.360419,16
1430425906.374618,16
1430425906.390654,16
1430425906.405355,16
1430425906.420757,16
1430425906.435324,16
1430425906.450143,16
1430425906.465793,16
1430425906.481053,16
1430425906.497308,16
1430425906.512345,16
1430425906.528051,15
1430425906.542251,16
1430425906.558046,16
1430425906.572565,16
1430425906.587003,16
1430425906.601983,16
1430425906.617175,16
1430425906.632147,16
1430425906.646475,16
1430425906.660753,16
1430425906.676388,16
1430425906.691653,16
1430425906.707282,16
1430425906.721907,16
1430425906.736667,16
1430425906.750838,16
1430425906.765693,16
1430425906.780137,16
1430425906.794242,16
1430425906.808868,16
1430425906.823608,16
1430425906.838842,17
1430425906.853840,16
1430425906.867869,16
1430425906.883337,20
1430425906.897890,27
1430425906.912706,25
1430425906.927872,26
1430425906.941635,30
1430425906.956861,43
1430425906.971169,46
1430425906.985652,46
1430425907.001438,46
1430425907.016445,53
1430425907.031793,63
1430425907.047377,74
1430425907.063578,86
1430425907.079685,86
1430425907.095036,86
1430425907.110671,93
1430425907.125779,105
1430425907.141379,112
1430425907.158700,126
1430425907.172799,138
1430425907.189389,148
1430425907.203951,159
1430425907.220554,167
1430425907.234403,167
1430425907.248916,167
1430425907.264376,173
1430425907.279076,185
1430425907.293487,199
1430425907.308700,210
1430425907.323900,221
1430425907.339342,234
1430425907.354036,243
1430425907.368585,254
1430425907.384120,267
1430425907.400352,282
1430425907.415790,292
1430425907.429670,304
1430425907.444127,316
1430425907.458252,326
1430425907.471711,326
1430425907.489160,325
1430425907.503231,335
1430425907.519505,344
1430425907.534097,356
1430425907.550368,369
1430425907.566340,380
1430425907.580630,391
1430425907.596800,404
1430425907.610392,416
1430425907.624945,425
1430425907.639418,425
1430425907.653870,424
1430425907.668759,425
1430425907.684805,425
1430425907.700540,425
1430425907.714606,425
1430425907.728772,425
1430425907.743861,425
1430425907.760605,425
1430425907.776726,425
1430425907.791231,424
1430425907.806731,425
1430425907.821621,424
1430425907.836533,424
1430425907.851347,424
1430425907.866500,424
1430425907.880998,425
1430425907.895484,425
1430425907.910790,424
1430425907.926338,424
1430425907.940558,424
1430425907.955459,424
1430425907.970012,424
1430425907.987664,424
1430425908.002451,424
1430425908.016657,425
1430425908.030858,425
1430425908.045741,424
1430425908.059930,424
1430425908.075080,424
1430425908.090346,425
1430425908.105856,424
1430425908.120941,424
1430425908.136393,425
1430425908.150228,425
1430425908.164494,425
1430425908.179659,425
1430425908.194358,419
1430425908.209647,417
1430425908.224388,418
1430425908.240118,417
1430425908.254647,416
1430425908.269418,415
1430425908.284387,413
1430425908.299279,411
1430425908.314558,412
1430425908.329693,414
1430425908.344728,414
1430425908.359059,415
1430425908.376243,417
1430425908.390297,415
1430425908.405396,414
1430425908.420907,419
1430425908.436625,425
1430425908.453948,425
1430425908.468293,425
1430425908.485321,425
1430425908.499928,423
1430425908.513753,424
1430425908.528635,425
1430425908.544351,425
1430425908.558950,424
1430425908.574199,424
1430425908.589405,425
1430425908.608238,424
1430425908.623705,425
1430425908.639644,425
1430425908.655797,425
1430425908.669818,425
1430425908.685310,423
1430425908.700187,425
1430425908.715059,425
1430425908.729587,425
1430425908.744439,425
1430425908.759597,425
1430425908.775344,424
1430425908.789946,425
1430425908.804185,424
1430425908.819921,424
1430425908.833677,425
1430425908.850016,425
1430425908.864094,425
1430425908.879063,424
1430425908.895156,422
1430425908.910066,422
1430425908.926165,421
1430425908.943448,423
1430425908.959793,424
1430425908.974864,421
1430425908.990156,421
1430425909.006321,418
1430425909.022749,419
1430425909.039078,419
1430425909.053119,419
1430425909.068080,422
1430425909.082907,421
1430425909.097852,423
1430425909.113277,424
1430425909.129345,424
1430425909.144305,424
1430425909.158556,423
1430425909.174196,423
1430425909.189635,425
1430425909.203333,424
1430425909.218439,425
1430425909.235107,425
1430425909.249982,424
1430425909.263910,424
1430425909.278165,425
1430425909.294122,425
1430425909.309066,425
1430425909.324376,425
1430425909.338958,425
1430425909.353352,419
1430425909.370669,416
1430425909.386683,415
1430425909.400817,415
1430425909.420164,416
1430425909.435049,416
1430425909.449881,417
1430425909.465416,417
1430425909.482293,419
1430425909.496883,419
1430425909.512141,419
1430425909.527977,418
1430425909.543365,418
1430425909.561627,421
1430425909.575874,421
1430425909.590224,414
1430425909.604231,409
1430425909.619333,404
1430425909.634448,399
1430425909.649592,391
1430425909.664708,386
1430425909.680025,383
1430425909.694847,376
1430425909.710018,365
1430425909.724639,355
1430425909.742924,347
1430425909.758777,336
1430425909.774171,324
1430425909.789397,312
1430425909.805016,302
1430425909.820054,290
1430425909.835180,285
1430425909.850815,286
1430425909.865935,278
1430425909.879292,273
1430425909.893454,262
1430425909.908889,251
1430425909.923822,239
1430425909.938466,227
1430425909.952840,222
1430425909.967108,215
1430425909.981404,203
1430425909.996358,191
1430425910.011293,182
1430425910.025999,170
1430425910.040450,160
1430425910.055181,151
1430425910.069503,142
1430425910.086505,131
1430425910.101030,123
1430425910.115515,114
1430425910.130346,101
1430425910.144693,89
1430425910.159581,79
1430425910.174120,69
1430425910.189115,56
1430425910.204387,43
1430425910.219112,35
1430425910.235131,26
1430425910.249768,25
1430425910.265578,25
1430425910.279690,26
1430425910.293848,26
1430425910.308513,45
1430425910.325345,58
1430425910.340784,70
1430425910.355501,83
1430425910.370429,95
1430425910.385603,107
1430425910.401583,120
1430425910.417136,133
1430425910.433105,147
1430425910.448888,159
1430425910.464687,172
1430425910.479879,184
1430425910.495906,197
1430425910.510887,210
1430425910.526167,222
1430425910.540684,234
1430425910.556335,247
1430425910.570926,259
1430425910.585896,271
1430425910.602040,282
1430425910.617943,297
1430425910.633159,309
1430425910.647606,321
1430425910.663218,334
1430425910.679167,345
1430425910.693256,353
1430425910.708781,362
1430425910.723468,369
1430425910.738585,375
1430425910.752579,380
1430425910.767461,386
1430425910.782349,392
1430425910.797654,398
1430425910.811824,404
1430425910.828589,411
1430425910.843395,417
1430425910.859770,424
1430425910.875130,425
1430425910.889594,425
1430425910.904478,425
1430425910.921108,424
1430425910.936140,423
1430425910.951137,424
1430425910.965977,424
1430425910.981214,424
1430425910.996439,422
1430425911.010983,424
1430425911.028030,423
1430425911.042265,424
1430425911.060729,424
1430425911.076164,421
1430425911.091159,422
1430425911.106237,421
1430425911.122251,422
1430425911.138696,422
1430425911.153361,423
1430425911.167620,423
1430425911.185946,421
1430425911.200636,423
1430425911.216180,422
1430425911.230747,421
1430425911.247419,417
1430425911.262493,418
1430425911.277954,417
1430425911.293174,418
1430425911.307719,419
1430425911.322006,417
1430425911.337365,417
1430425911.351381,417
1430425911.365983,418
1430425911.382140,418
1430425911.397569,417
1430425911.412183,417
1430425911.427952,416
1430425911.442963,415
1430425911.457371,416
1430425911.471990,416
1430425911.487677,414
1430425911.502592,412
1430425911.517044,411
1430425911.531040,407
1430425911.546192,407
1430425911.561575,405
1430425911.577432,400
1430425911.594174,400
1430425911.610107,398
1430425911.624621,395
1430425911.640174,393
1430425911.655270,391
1430425911.669861,389
1430425911.685687,390
1430425911.700060,391
1430425911.715735,389
1430425911.730654,386
1430425911.745185,383
1430425911.759900,380
1430425911.775964,377
1430425911.793007,378
1430425911.809609,380
1430425911.824003,377
1430425911.838395,376
1430425911.853112,376
1430425911.867722,378
1430425911.882550,375
1430425911.896612,375
1430425911.911546,374
1430425911.926304,374
1430425911.941136,375
1430425911.956806,375
1430425911.972878,375
1430425911.987851,374
1430425912.001406,374
1430425912.016450,374
1430425912.034816,375
1430425912.049129,375
1430425912.064373,375
1430425912.078558,374
1430425912.092737,375
1430425912.110708,374
1430425912.124880,374
1430425912.140368,374
1430425912.155746,376
1430425912.171172,375
1430425912.187058,374
1430425912.201445,375
1430425912.215953,374
1430425912.233574,375
1430425912.248282,373
1430425912.263787,375
1430425912.278633,376
1430425912.294438,376
1430425912.310236,379
1430425912.324549,379
1430425912.346080,378
1430425912.361717,377
1430425912.378126,374
1430425912.393463,375
1430425912.409321,378
1430425912.424492,377
1430425912.441985,380
1430425912.456300,375
1430425912.470962,377
1430425912.487435,377
1430425912.503279,376
1430425912.524194,378
1430425912.539564,378
1430425912.553815,378
1430425912.569509,374
1430425912.584110,376
1430425912.600981,379
1430425912.616420,375
1430425912.631237,376
1430425912.645902,374
1430425912.660727,376
1430425912.675409,375
1430425912.692721,377
1430425912.708348,377
1430425912.722711,378
1430425912.737080,373
1430425912.751791,375
1430425912.768499,375
1430425912.783719,374
1430425912.799738,375
1430425912.814463,376
1430425912.830555,377
1430425912.846185,376
1430425912.863540,377
1430425912.878487,376
1430425912.892906,376
1430425912.908226,376
1430425912.923349,378
1430425912.937791,377
1430425912.953104,376
1430425912.969727,379
1430425912.985784,377
1430425913.001320,376
1430425913.015796,374
1430425913.030817,375
1430425913.046280,376
1430425913.062563,378
1430425913.077623,379
1430425913.091633,376
1430425913.106807,378
1430425913.122328,377
1430425913.139019,377
1430425913.153155,376
1430425913.167895,376
1430425913.182364,377
1430425913.198672,378
1430425913.213478,377
1430425913.228028,377
1430425913.242234,378
1430425913.258763,377
1430425913.273009,378
1430425913.287628,378
1430425913.302888,377
1430425913.318127,379
1430425913.332212,378
1430425913.346603,377
1430425913.362147,380
1430425913.378343,377
1430425913.394154,379
1430425913.408788,379
1430425913.425524,380
1430425913.440077,382
1430425913.453882,380
1430425913.471779,379
1430425913.486236,381
1430425913.500820,379
1430425913.516398,380
1430425913.530408,379
1430425913.549071,381
1430425913.563690,380
1430425913.579790,377
1430425913.593806,377
1430425913.609493,378
1430425913.624709,378
1430425913.639322,378
1430425913.654242,378
1430425913.669932,379
1430425913.685302,380
1430425913.699801,378
1430425913.714510,377
1430425913.729348,378
1430425913.743821,379
1430425913.758541,378
1430425913.772980,378
1430425913.787111,377
1430425913.802277,379
1430425913.817315,379
1430425913.832295,379
1430425913.847566,380
1430425913.863276,381
1430425913.878678,380
1430425913.893856,380
1430425913.908903,381
1430425913.923914,380
1430425913.938743,380
1430425913.953136,380
1430425913.968284,380
1430425913.984006,381
1430425913.998979,380
1430425914.013720,380
1430425914.028939,381
1430425914.043869,380
1430425914.059274,381
1430425914.074076,380
1430425914.089072,384
1430425914.103676,383
1430425914.119335,382
1430425914.134293,376
1430425914.149662,381
1430425914.164396,383
1430425914.178754,381
1430425914.194675,383
1430425914.210121,381
1430425914.224541,380
1430425914.239283,383
1430425914.253992,386
1430425914.270285,385
1430425914.286235,383
1430425914.301632,380
1430425914.318656,382
1430425914.333367,384
1430425914.347939,381
1430425914.362409,380
1430425914.377246,380
1430425914.391415,379
1430425914.405792,379
1430425914.419908,380
1430425914.433992,380
1430425914.449301,380
1430425914.463995,380
1430425914.479003,382
1430425914.493572,382
1430425914.508364,380
1430425914.523257,381
1430425914.537462,382
1430425914.551414,380
1430425914.565808,380
1430425914.579946,380
1430425914.595060,380
1430425914.609465,380
1430425914.623825,380
1430425914.639158,380
1430425914.653871,380
1430425914.669551,381
1430425914.683780,381
1430425914.699171,381
1430425914.713880,382
1430425914.728953,382
1430425914.744134,381
1430425914.759432,380
1430425914.774174,380
1430425914.789701,379
1430425914.803932,380
1430425914.818911,380
1430425914.833799,381
1430425914.848922,383
1430425914.863161,379
1430425914.878228,382
1430425914.892591,381
1430425914.907382,380
1430425914.922264,380
1430425914.936950,381
1430425914.951601,381
1430425914.966821,383
1430425914.984342,381
1430425915.000152,382
1430425915.015352,381
1430425915.033035,383
1430425915.047567,381
1430425915.062343,382
1430425915.077493,381
1430425915.092825,381
1430425915.107675,381
1430425915.122925,381
1430425915.139158,381
1430425915.154159,381
1430425915.169805,379
1430425915.184265,382
1430425915.199378,381
1430425915.214101,382
1430425915.229151,381
1430425915.245402,380
1430425915.260552,383
1430425915.276976,382
1430425915.292633,383
1430425915.307423,385
1430425915.323046,384
1430425915.337493,382
1430425915.351410,383
1430425915.365874,383
1430425915.380494,383
1430425915.394995,380
1430425915.409033,385
1430425915.426643,381
1430425915.441712,384
1430425915.457534,386
1430425915.472022,384
1430425915.486194,382
1430425915.500748,385
1430425915.518388,388
1430425915.532809,382
1430425915.548352,383
1430425915.564029,386
1430425915.578853,385
1430425915.592603,383
1430425915.608535,384
1430425915.623138,386
1430425915.638480,384
1430425915.654564,381
1430425915.670870,383
1430425915.684668,384
1430425915.700157,383
1430425915.714881,384
1430425915.729542,386
1430425915.744612,385
1430425915.761069,384
1430425915.775056,384
1430425915.789224,382
1430425915.803992,383
1430425915.825875,386
1430425915.841315,385
1430425915.857324,382
1430425915.873013,385
1430425915.888266,387
1430425915.902999,385
1430425915.917428,383
1430425915.931943,385
1430425915.946737,383
1430425915.962445,384
1430425915.977494,385
1430425915.992396,383
1430425916.006572,382
1430425916.021782,383
1430425916.036655,383
1430425916.050863,381
1430425916.066279,383
1430425916.081180,383
1430425916.096459,384
1430425916.111110,384
1430425916.128183,385
1430425916.142121,387
1430425916.156944,386
1430425916.175872,384
1430425916.190771,386
1430425916.205678,384
1430425916.220665,386
1430425916.235476,382
1430425916.249158,384
1430425916.264588,383
1430425916.279105,384
1430425916.293795,383
1430425916.309273,385
1430425916.325533,383
1430425916.340479,383
1430425916.356862,383
1430425916.371113,384
1430425916.385623,383
1430425916.400031,381
1430425916.414870,384
1430425916.429656,382
1430425916.444424,385
1430425916.458810,384
1430425916.473744,382
1430425916.489663,383
1430425916.505824,384
1430425916.523356,383
1430425916.538294,382
1430425916.553629,384
1430425916.568257,385
1430425916.582964,383
1430425916.599076,385
1430425916.614053,388
1430425916.629614,385
1430425916.645529,386
1430425916.659834,386
1430425916.673897,386
1430425916.688432,384
1430425916.702321,385
1430425916.717190,383
1430425916.731860,386
1430425916.747223,385
1430425916.762684,387
1430425916.778648,386
1430425916.795332,387
1430425916.810580,383
1430425916.826065,385
1430425916.840715,386
1430425916.855494,384
1430425916.870222,386
1430425916.885434,384
1430425916.899979,385
1430425916.914729,385
1430425916.930299,386
1430425916.944890,386
1430425916.959386,385
1430425916.973599,386
1430425916.988419,384
1430425917.002091,385
1430425917.017359,386
1430425917.031607,386
1430425917.046071,384
1430425917.061117,386
1430425917.076145,386
1430425917.091807,387
1430425917.106238,385
1430425917.121944,385
1430425917.136952,386
1430425917.151789,382
1430425917.168032,384
1430425917.184234,387
1430425917.199459,386
1430425917.215494,387
1430425917.230083,387
1430425917.245382,386
1430425917.260349,387
1430425917.275408,383
1430425917.291132,385
1430425917.305878,385
1430425917.320833,387
1430425917.335959,385
1430425917.351323,387
1430425917.367145,384
1430425917.382180,387
1430425917.397999,385
1430425917.413959,389
1430425917.429284,391
1430425917.445814,389
1430425917.459549,386
1430425917.475108,385
1430425917.490063,387
1430425917.504219,385
1430425917.519682,387
1430425917.534084,386
1430425917.550236,385
1430425917.564360,386
1430425917.579550,384
1430425917.594665,387
1430425917.609460,385
1430425917.624323,387
1430425917.638836,386
1430425917.653290,387
1430425917.668900,387
1430425917.683791,385
1430425917.699646,386
1430425917.714168,388
1430425917.729476,387
1430425917.744279,385
1430425917.759120,387
1430425917.773620,385
1430425917.788586,386
1430425917.803901,387
1430425917.818815,385
1430425917.833367,388
1430425917.848930,388
1430425917.862948,388
1430425917.878938,389
1430425917.893552,386
1430425917.908350,386
1430425917.923036,388
1430425917.937622,390
1430425917.953302,390
1430425917.967995,388
1430425917.982271,388
1430425917.996849,388
1430425918.011119,388
1430425918.027015,387
1430425918.041272,388
1430425918.057518,388
1430425918.071998,387
1430425918.086111,389
1430425918.100874,388
1430425918.115554,388
1430425918.130170,386
1430425918.144559,388
1430425918.159194,386
1430425918.174836,386
1430425918.189446,389
1430425918.203959,387
1430425918.218692,387
1430425918.233066,387
1430425918.247812,386
1430425918.262042,387
1430425918.277277,387
1430425918.291741,387
1430425918.306462,387
1430425918.320873,386
1430425918.336054,385
1430425918.350454,387
1430425918.364415,386
1430425918.378888,386
1430425918.392995,387
1430425918.408550,387
1430425918.423107,387
1430425918.440436,389
1430425918.455261,390
1430425918.470253,388
1430425918.485359,388
1430425918.499934,384
1430425918.514367,389
1430425918.529578,390
1430425918.545735,389
1430425918.560084,387
1430425918.575683,389
1430425918.591915,387
1430425918.606794,388
1430425918.622635,389
1430425918.637027,387
1430425918.652279,391
1430425918.667502,390
1430425918.681523,388
1430425918.697075,388
1430425918.711228,388
1430425918.726261,388
1430425918.740938,391
1430425918.755701,387
1430425918.770075,386
1430425918.784117,388
1430425918.799022,388
1430425918.813732,388
1430425918.829997,391
1430425918.845112,389
1430425918.861296,392
1430425918.877160,390
1430425918.893691,390
1430425918.908082,388
1430425918.923398,390
1430425918.938297,390
1430425918.953071,389
1430425918.969409,394
1430425918.984012,393
1430425918.999977,390
1430425919.014255,391
1430425919.029724,391
1430425919.044366,390
1430425919.062589,391
1430425919.077747,390
1430425919.093510,392
1430425919.108768,391
1430425919.123817,393
1430425919.139352,393
1430425919.157729,394
1430425919.172302,393
1430425919.187404,391
1430425919.202248,389
1430425919.216640,391
1430425919.231827,390
1430425919.247848,389
1430425919.262420,389
1430425919.287257,391
1430425919.302327,394
1430425919.316420,390
1430425919.331696,391
1430425919.346917,389
1430425919.361233,389
1430425919.378168,391
1430425919.394198,391
1430425919.410134,392
1430425919.424924,391
1430425919.440274,389
1430425919.456820,391
1430425919.472751,390
1430425919.488356,390
1430425919.504274,389
1430425919.519244,390
1430425919.534492,390
1430425919.549812,389
1430425919.564368,389
1430425919.580418,390
1430425919.595796,388
1430425919.610215,391
1430425919.624502,392
1430425919.639009,391
1430425919.653530,391
1430425919.669110,391
1430425919.683323,391
1430425919.698735,389
1430425919.713461,391
1430425919.728328,392
1430425919.742458,391
1430425919.758068,391
1430425919.772901,393
1430425919.789739,389
1430425919.805510,392
1430425919.819676,392
1430425919.834402,393
1430425919.848953,393
1430425919.863471,391
1430425919.879393,392
1430425919.893430,392
1430425919.908479,392
1430425919.922822,392
1430425919.937642,392
1430425919.951976,392
1430425919.967422,392
1430425919.981823,392
1430425919.997380,391
1430425920.012369,392
1430425920.026685,392
1430425920.041583,392
1430425920.055449,391
1430425920.070732,392
1430425920.085489,392
1430425920.099958,391
1430425920.114524,392
1430425920.129785,392
1430425920.144419,392
1430425920.159012,392
1430425920.173061,393
1430425920.189032,391
1430425920.203557,392
1430425920.219828,394
1430425920.235961,394
1430425920.251328,395
1430425920.265618,395
1430425920.280472,394
1430425920.295943,394
1430425920.311178,395
1430425920.327206,393
1430425920.341678,392
1430425920.364456,391
1430425920.381562,393
1430425920.395807,391
1430425920.409978,389
1430425920.424502,391
1430425920.439314,391
1430425920.454818,390
1430425920.469949,392
1430425920.484186,390
1430425920.500184,390
1430425920.515273,392
1430425920.530321,390
1430425920.545943,390
1430425920.560211,392
1430425920.575159,392
1430425920.589174,392
1430425920.604307,392
1430425920.618572,390
1430425920.633300,390
1430425920.648093,391
1430425920.663109,391
1430425920.677401,391
1430425920.692106,391
1430425920.706828,393
1430425920.720882,391
1430425920.735580,391
1430425920.749674,390
1430425920.764939,390
1430425920.779970,393
1430425920.796009,390
1430425920.810377,392
1430425920.826509,392
1430425920.840780,395
1430425920.856516,395
1430425920.873838,396
1430425920.889304,395
1430425920.903706,392
1430425920.919560,392
1430425920.933509,395
1430425920.949716,395
1430425920.964600,398
1430425920.981060,398
1430425920.997309,395
1430425921.012893,396
1430425921.027538,398
1430425921.043848,397
1430425921.060907,396
1430425921.075183,397
1430425921.089984,396
1430425921.105280,394
1430425921.120008,395
1430425921.133999,391
1430425921.149225,393
1430425921.164001,395
1430425921.178878,394
1430425921.193836,393
1430425921.210844,393
1430425921.225875,395
1430425921.241921,394
1430425921.256977,393
1430425921.272640,394
1430425921.289627,392
1430425921.304476,392
1430425921.318596,392
1430425921.332551,392
1430425921.348637,392
1430425921.364189,392
1430425921.379318,391
1430425921.394608,391
1430425921.408913,393
1430425921.423542,395
1430425921.440944,396
1430425921.456815,394
1430425921.471072,393
1430425921.485759,394
1430425921.501302,395
1430425921.515780,395
1430425921.530660,390
1430425921.544659,394
1430425921.560245,394
1430425921.574553,395
1430425921.589486,394
1430425921.604096,394
1430425921.618769,395
1430425921.633578,395
1430425921.649065,394
1430425921.663020,396
1430425921.677731,395
1430425921.693592,394
1430425921.707973,393
1430425921.722778,395
1430425921.737422,396
1430425921.752733,394
1430425921.767938,396
1430425921.782567,394
1430425921.797516,394
1430425921.812005,394
1430425921.826883,394
1430425921.841464,394
1430425921.855884,398
1430425921.870752,395
1430425921.886449,397
1430425921.901546,398
1430425921.915496,397
1430425921.929683,396
1430425921.943966,397
1430425921.958648,397
1430425921.973499,398
1430425921.988805,396
1430425922.002984,395
1430425922.017751,398
1430425922.034192,397
1430425922.049805,396
1430425922.064233,397
1430425922.080242,396
1430425922.094351,396
1430425922.108940,396
1430425922.123970,396
1430425922.139252,396
1430425922.153707,397
1430425922.168050,395
1430425922.182795,397
1430425922.197499,397
1430425922.212212,396
1430425922.227234,396
1430425922.242310,396
1430425922.256504,396
1430425922.272086,397
1430425922.287484,397
1430425922.302725,396
1430425922.317572,396
1430425922.332939,395
1430425922.348009,396
1430425922.362794,395
1430425922.377710,398
1430425922.392371,397
1430425922.408272,396
1430425922.422473,396
1430425922.438534,395
1430425922.456989,397
1430425922.474331,397
1430425922.489356,397
1430425922.504017,397
1430425922.518264,394
1430425922.533430,395
1430425922.548495,395
1430425922.564361,395
1430425922.579658,394
1430425922.594243,396
1430425922.614149,395
1430425922.631419,391
1430425922.645924,395
1430425922.660903,396
1430425922.675867,395
1430425922.690516,395
1430425922.705603,395
1430425922.719923,395
1430425922.734690,395
1430425922.750267,396
1430425922.764880,396
1430425922.779055,395
1430425922.793338,395
1430425922.808898,395
1430425922.825925,397
1430425922.840827,397
1430425922.855530,396
1430425922.870646,396
1430425922.885269,396
1430425922.899612,397
1430425922.916045,398
1430425922.930699,400
1430425922.946351,400
1430425922.961766,398
1430425922.976191,397
1430425922.990613,398
1430425923.009217,400
1430425923.023931,400
1430425923.040087,398
1430425923.055303,401
1430425923.069541,397
1430425923.085533,397
1430425923.100308,396
1430425923.115089,397
1430425923.129658,397
1430425923.144072,397
1430425923.158589,399
1430425923.172601,398
1430425923.189040,397
1430425923.203192,397
1430425923.217874,402
1430425923.236060,401
1430425923.250466,397
1430425923.266016,399
1430425923.281203,397
1430425923.296772,401
1430425923.310833,398
1430425923.325377,398
1430425923.340854,399
1430425923.354999,399
1430425923.370858,398
1430425923.387903,395
1430425923.402602,396
1430425923.417036,396
1430425923.431866,396
1430425923.448251,394
1430425923.462830,396
1430425923.479780,398
1430425923.494212,402
1430425923.509744,399
1430425923.523969,399
1430425923.539347,399
1430425923.553189,398
1430425923.568165,397
1430425923.583586,396
1430425923.599595,397
1430425923.614234,397
1430425923.629838,397
1430425923.643907,396
1430425923.658107,397
1430425923.672451,397
1430425923.686794,397
1430425923.702144,396
1430425923.716157,397
1430425923.731360,397
1430425923.746381,396
1430425923.761395,395
1430425923.776272,397
1430425923.790972,397
1430425923.806696,397
1430425923.821629,398
1430425923.837887,398
1430425923.852106,397
1430425923.868201,397
1430425923.883337,399
1430425923.897848,400
1430425923.912203,404
1430425923.928455,403
1430425923.943219,401
1430425923.961103,402
1430425923.975284,400
1430425923.989797,402
1430425924.005099,400
1430425924.019892,400
1430425924.034605,398
1430425924.049307,398
1430425924.066663,397
1430425924.081881,400
1430425924.096827,397
1430425924.111583,397
1430425924.127194,398
1430425924.141356,398
1430425924.155754,399
1430425924.170771,399
1430425924.186430,401
1430425924.201743,400
1430425924.216120,400
1430425924.230820,398
1430425924.246199,400
1430425924.260419,399
1430425924.276373,399
1430425924.291381,400
1430425924.306207,400
1430425924.321002,401
1430425924.336088,399
1430425924.350883,398
1430425924.367242,398
1430425924.381358,399
1430425924.396176,399
1430425924.411204,400
1430425924.428784,399
1430425924.443110,399
1430425924.460795,400
1430425924.476465,401
1430425924.490789,402
1430425924.504490,402
1430425924.519040,400
1430425924.532865,398
1430425924.548271,400
1430425924.563002,400
1430425924.578984,399
1430425924.594528,399
1430425924.614507,401
1430425924.631098,397
1430425924.646383,399
1430425924.661582,399
1430425924.678295,401
1430425924.692721,398
1430425924.708452,400
1430425924.724469,399
1430425924.739642,402
1430425924.754420,404
1430425924.769143,401
1430425924.782786,399
1430425924.798326,397
1430425924.812661,399
1430425924.826914,400
1430425924.841090,399
1430425924.855891,398
1430425924.869879,401
1430425924.885542,399
1430425924.901066,401
1430425924.915560,400
1430425924.930302,400
1430425924.945561,400
1430425924.960724,401
1430425924.975636,400
1430425924.991333,400
1430425925.006879,399
1430425925.022109,400
1430425925.037147,401
1430425925.052549,400
1430425925.068119,400
1430425925.084224,400
1430425925.100280,399
1430425925.115706,401
1430425925.130214,399
1430425925.144664,401
1430425925.159116,399
1430425925.173772,399
1430425925.188662,400
1430425925.205524,399
1430425925.220400,400
1430425925.234371,401
1430425925.250101,402
1430425925.266020,401
1430425925.281226,401
1430425925.295586,400
1430425925.309726,400
1430425925.324415,401
1430425925.338867,401
1430425925.352850,400
1430425925.367935,401
1430425925.382039,400
1430425925.398419,401
1430425925.412749,400
1430425925.427216,401
1430425925.441565,401
1430425925.457232,399
1430425925.471910,400
1430425925.488803,400
1430425925.502894,400
1430425925.517644,398
1430425925.532715,399
1430425925.548330,400
1430425925.562359,399
1430425925.577717,400
1430425925.591820,401
1430425925.607191,399
1430425925.621041,401
1430425925.636812,401
1430425925.651426,404
1430425925.666874,400
1430425925.681229,403
1430425925.697712,401
1430425925.712858,404
1430425925.729229,403
1430425925.744348,405
1430425925.759543,402
1430425925.774260,400
1430425925.789726,400
1430425925.804220,401
1430425925.819229,400
1430425925.833857,401
1430425925.848802,402
1430425925.863678,401
1430425925.878390,400
1430425925.892531,403
1430425925.906946,401
1430425925.922692,402
1430425925.937834,401
1430425925.951487,402
1430425925.966795,400
1430425925.981101,403
1430425925.996724,402
1430425926.011379,403
1430425926.025620,402
1430425926.040621,402
1430425926.055160,403
1430425926.070398,403
1430425926.085125,403
1430425926.099952,403
1430425926.116274,401
1430425926.130894,402
1430425926.145340,403
1430425926.164202,406
1430425926.178955,407
1430425926.194157,406
1430425926.209607,402
1430425926.224921,403
1430425926.239350,404
1430425926.254131,404
1430425926.270512,403
1430425926.284899,403
1430425926.299996,404
1430425926.314932,406
1430425926.328940,406
1430425926.346093,408
1430425926.360821,404
1430425926.378115,401
1430425926.392726,402
1430425926.408236,404
1430425926.423110,406
1430425926.440353,406
1430425926.454516,405
1430425926.470447,402
1430425926.486445,405
1430425926.502124,405
1430425926.516808,405
1430425926.531391,403
1430425926.545538,404
1430425926.560508,402
1430425926.575054,404
1430425926.590270,403
1430425926.605792,403
1430425926.619673,403
1430425926.633569,402
1430425926.648280,403
1430425926.662711,402
1430425926.678272,401
1430425926.693050,401
1430425926.707428,403
1430425926.722596,403
1430425926.737689,402
1430425926.752411,403
1430425926.767970,403
1430425926.782235,402
1430425926.796420,405
1430425926.814042,404
1430425926.832032,408
1430425926.847118,404
1430425926.861326,405
1430425926.876154,405
1430425926.891207,409
1430425926.907605,404
1430425926.923016,405
1430425926.938548,403
1430425926.953319,407
1430425926.969514,405
1430425926.985134,406
1430425927.000407,405
1430425927.017805,408
1430425927.032145,405
1430425927.047607,407
1430425927.063380,405
1430425927.078942,404
1430425927.092719,405
1430425927.108715,404
1430425927.123940,405
1430425927.139636,404
1430425927.154907,406
1430425927.170567,405
1430425927.185882,406
1430425927.200835,405
1430425927.215461,407
1430425927.229693,406
1430425927.245778,405
1430425927.260371,405
1430425927.275282,406
1430425927.290767,407
1430425927.305570,406
1430425927.320587,405
1430425927.334642,405
1430425927.349492,408
1430425927.365293,405
1430425927.380542,405
1430425927.396040,404
1430425927.409697,406
1430425927.427695,406
1430425927.445590,403
1430425927.459911,405
1430425927.474202,404
1430425927.494543,407
1430425927.513695,405
1430425927.528340,405
1430425927.543131,404
1430425927.557539,403
1430425927.572652,407
1430425927.588858,409
1430425927.603119,411
1430425927.617910,407
1430425927.632239,403
1430425927.648377,406
1430425927.663210,408
1430425927.678173,405
1430425927.692563,405
1430425927.708144,404
1430425927.727682,403
1430425927.742692,409
1430425927.757936,407
1430425927.772188,406
1430425927.788359,406
1430425927.803518,405
1430425927.820499,406
1430425927.835650,405
1430425927.851700,408
1430425927.867341,405
1430425927.882779,407
1430425927.899547,405
1430425927.915158,404
1430425927.929376,406
1430425927.944331,405
1430425927.959146,404
1430425927.973648,406
1430425927.993769,406
1430425928.008006,405
1430425928.022662,403
1430425928.037756,407
1430425928.052277,405
1430425928.067540,404
1430425928.082931,406
1430425928.099177,406
1430425928.113592,406
1430425928.128788,406
1430425928.143004,406
1430425928.157341,406
1430425928.171889,405
1430425928.187292,397
1430425928.202260,390
1430425928.218209,383
1430425928.232273,375
1430425928.248247,364
1430425928.262062,356
1430425928.277006,348
1430425928.291389,342
1430425928.307438,337
1430425928.322176,327
1430425928.336655,316
1430425928.351199,310
1430425928.365375,303
1430425928.380653,300
1430425928.394525,294
1430425928.410037,284
1430425928.426399,275
1430425928.440473,269
1430425928.455579,261
1430425928.470848,250
1430425928.485807,246
1430425928.500323,239
1430425928.514692,233
1430425928.529297,227
1430425928.546610,219
1430425928.561228,213
1430425928.577219,202
1430425928.592075,196
1430425928.607589,194
1430425928.623746,190
1430425928.639025,181
1430425928.653092,169
1430425928.667669,163
1430425928.681942,153
1430425928.699196,146
1430425928.714658,138
1430425928.730204,131
1430425928.745184,131
1430425928.759318,130
1430425928.773413,128
1430425928.789143,129
1430425928.803591,129
1430425928.819345,129
1430425928.834908,130
1430425928.849395,130
1430425928.864201,130
1430425928.878710,130
1430425928.894224,130
1430425928.909197,130
1430425928.924045,129
1430425928.938838,129
1430425928.953159,129
1430425928.968596,129
1430425928.982968,128
1430425928.997515,127
1430425929.012469,127
1430425929.027572,127
1430425929.042378,127
1430425929.057306,127
1430425929.071743,126
1430425929.086088,127
1430425929.100509,127
1430425929.115894,127
1430425929.131379,127
1430425929.146080,127
1430425929.162706,127
1430425929.177008,127
1430425929.191270,127
1430425929.207081,127
1430425929.221973,127
1430425929.238074,127
1430425929.253088,127
1430425929.268705,127
1430425929.283856,127
1430425929.299127,127
1430425929.314255,127
1430425929.330486,126
1430425929.345749,127
1430425929.360401,127
1430425929.374482,127
1430425929.389793,127
1430425929.408154,127
1430425929.422538,127
1430425929.437348,127
1430425929.451559,127
1430425929.466292,127
1430425929.484126,127
1430425929.499460,127
1430425929.513336,127
1430425929.528791,126
1430425929.544487,126
1430425929.559394,127
1430425929.573978,126
1430425929.588532,126
1430425929.603620,127
1430425929.621883,127
1430425929.639777,127
1430425929.655809,127
1430425929.669939,127
1430425929.684484,127
1430425929.699453,127
1430425929.713551,127
1430425929.729180,127
1430425929.744433,127
1430425929.758922,127
1430425929.772776,127
1430425929.788604,127
1430425929.803667,127
1430425929.819306,127
1430425929.834049,128
1430425929.848809,128
1430425929.862938,128
1430425929.876915,128
1430425929.890982,128
1430425929.905307,127
1430425929.920204,128
1430425929.936500,128
1430425929.951298,127
1430425929.966776,127
1430425929.982556,127
1430425929.997946,126
1430425930.012521,127
1430425930.026946,127
1430425930.045378,127
1430425930.066331,126
1430425930.081446,127
1430425930.097612,127
1430425930.111266,127
1430425930.125835,127
1430425930.139813,127
1430425930.155169,127
1430425930.170933,127
1430425930.186233,127
1430425930.200044,127
1430425930.215333,127
1430425930.230698,127
1430425930.245604,127
1430425930.259960,127
1430425930.274731,127
1430425930.289223,127
1430425930.303444,127
1430425930.319326,127
1430425930.334221,126
1430425930.351385,126
1430425930.366555,126
1430425930.381377,126
1430425930.395484,126
1430425930.410379,126
1430425930.426607,127
1430425930.440824,127
1430425930.455706,127
1430425930.470775,127
1430425930.485952,127
1430425930.500393,127
1430425930.514494,127
1430425930.530076,127
1430425930.544454,127
1430425930.563190,127
1430425930.578392,127
1430425930.593312,126
1430425930.608971,126
1430425930.623153,127
1430425930.638616,127
1430425930.653825,127
1430425930.670611,126
1430425930.685250,127
1430425930.700891,127
1430425930.715193,127
1430425930.730567,127
1430425930.747653,127
1430425930.762442,127
1430425930.776531,127
1430425930.791337,127
1430425930.809590,126
1430425930.824403,126
1430425930.841018,127
1430425930.856741,127
1430425930.871171,127
1430425930.888029,127
1430425930.902213,127
1430425930.916702,127
1430425930.935320,127
1430425930.951329,127
1430425930.965872,127
1430425930.980001,127
1430425930.997891,127
1430425931.011905,126
1430425931.028626,126
1430425931.043474,126
1430425931.058413,126
1430425931.074201,127
1430425931.088976,127
1430425931.103960,127
1430425931.118611,127
1430425931.133737,127
1430425931.148611,127
1430425931.164213,127
1430425931.179403,127
1430425931.194340,127
1430425931.209869,126
1430425931.224329,127
1430425931.241161,127
1430425931.257837,127
1430425931.272110,127
1430425931.287313,127
1430425931.301992,127
1430425931.316860,127
1430425931.330690,127
1430425931.346417,127
1430425931.362444,127
1430425931.377275,127
1430425931.391340,127
1430425931.406164,127
1430425931.421646,127
1430425931.437236,127
1430425931.452175,127
1430425931.466517,127
1430425931.481194,127
1430425931.496115,127
1430425931.509788,127
1430425931.525552,126
1430425931.540502,126
1430425931.555913,126
1430425931.571109,126
1430425931.585925,126
1430425931.600946,127
1430425931.618297,126
1430425931.633955,126
1430425931.658403,126
1430425931.673845,126
1430425931.689079,126
1430425931.703864,126
1430425931.719793,126
1430425931.734506,126
1430425931.749911,126
1430425931.764465,126
1430425931.779315,126
1430425931.794149,126
1430425931.813190,127
1430425931.830519,128
1430425931.845418,128
1430425931.860796,128
1430425931.875455,128
1430425931.890132,128
1430425931.905412,128
1430425931.920708,127
1430425931.939103,128
1430425931.953566,128
1430425931.968291,128
1430425931.985832,128
1430425932.000745,128
1430425932.015407,127
1430425932.033078,127
1430425932.048243,127
1430425932.063512,127
1430425932.078670,127
1430425932.093332,127
1430425932.108409,127
1430425932.124505,127
1430425932.139335,128
1430425932.158157,128
1430425932.172281,128
1430425932.186636,128
1430425932.201360,128
1430425932.215689,128
1430425932.231092,128
1430425932.245605,128
1430425932.260673,128
1430425932.275238,128
1430425932.289619,128
1430425932.303988,128
1430425932.318235,128
1430425932.333710,128
1430425932.350631,128
1430425932.365860,128
1430425932.380630,128
1430425932.396691,128
1430425932.410792,128
1430425932.425854,128
1430425932.440843,128
1430425932.456209,128
1430425932.471417,127
1430425932.485855,128
1430425932.500744,128
1430425932.516062,128
1430425932.529965,128
1430425932.543814,128
1430425932.558711,128
1430425932.574418,128
1430425932.589118,128
1430425932.603882,128
1430425932.618569,128
1430425932.632922,128
1430425932.648250,127
1430425932.662231,128
1430425932.677009,128
1430425932.691569,128
1430425932.707150,128
1430425932.722067,128
1430425932.736404,128
1430425932.751851,128
1430425932.766935,127
1430425932.781263,127
1430425932.795516,127
1430425932.810697,127
1430425932.825204,127
1430425932.839920,128
1430425932.854041,128
1430425932.868490,128
1430425932.883655,128
1430425932.898129,128
1430425932.912545,127
1430425932.927583,128
1430425932.945897,127
1430425932.960392,127
1430425932.975938,127
1430425932.990243,127
1430425933.005548,126
1430425933.020071,126
1430425933.036906,127
1430425933.053801,127
1430425933.069774,127
1430425933.085260,127
1430425933.100107,127
1430425933.114590,127
1430425933.129769,127
1430425933.144140,127
1430425933.161478,126
1430425933.177510,126
1430425933.191876,126
1430425933.207162,126
1430425933.220979,127
1430425933.234677,126
1430425933.250473,127
1430425933.266743,127
1430425933.282380,127
1430425933.297841,126
1430425933.313564,126
1430425933.327786,126
1430425933.342498,126
1430425933.356910,126
1430425933.371309,126
1430425933.385397,126
1430425933.402748,126
1430425933.418008,126
1430425933.433231,127
1430425933.449001,126
1430425933.463471,126
1430425933.479145,126
1430425933.493265,126
1430425933.508563,126
1430425933.523208,126
1430425933.537550,126
1430425933.551736,127
1430425933.566723,127
1430425933.581644,127
1430425933.596776,127
1430425933.611280,127
1430425933.625812,127
1430425933.640322,127
1430425933.655353,126
1430425933.670307,127
1430425933.684932,127
1430425933.702024,127
1430425933.716897,127
1430425933.730713,127
1430425933.745813,127
1430425933.759574,127
1430425933.773738,126
1430425933.787963,127
1430425933.802617,127
1430425933.818343,127
1430425933.836187,128
1430425933.851744,128
1430425933.866084,128
1430425933.880117,128
1430425933.895156,128
1430425933.909425,127
1430425933.924464,128
1430425933.939632,128
1430425933.953317,128
1430425933.970269,128
1430425933.986320,127
1430425934.002659,126
1430425934.017126,126
1430425934.031502,126
1430425934.050346,127
1430425934.066687,127
1430425934.081812,127
1430425934.096343,127
1430425934.111098,127
1430425934.126835,127
1430425934.141003,127
1430425934.155817,127
1430425934.170577,127
1430425934.187217,127
1430425934.201866,127
1430425934.216809,127
1430425934.230729,127
1430425934.246801,127
1430425934.260717,127
1430425934.275320,127
1430425934.290505,127
1430425934.304555,127
1430425934.319321,127
1430425934.333769,127
1430425934.350350,127
1430425934.366190,127
1430425934.380815,127
1430425934.396488,127
1430425934.414154,127
1430425934.430416,127
1430425934.445507,127
1430425934.460522,127
1430425934.475654,126
1430425934.490262,127
1430425934.505082,127
1430425934.519474,127
1430425934.533360,127
1430425934.549826,127
1430425934.566173,127
1430425934.580461,127
1430425934.594519,127
1430425934.611466,127
1430425934.627039,127
1430425934.641344,127
1430425934.655933,126
1430425934.670016,127
1430425934.686591,127
1430425934.701100,127
1430425934.717055,127
1430425934.731817,127
1430425934.746487,127
1430425934.760564,127
1430425934.775950,127
1430425934.791832,127
1430425934.806599,127
1430425934.821095,127
1430425934.836391,128
1430425934.850733,128
1430425934.865635,128
1430425934.879787,128
1430425934.893864,128
1430425934.908852,128
1430425934.924096,128
1430425934.939813,128
1430425934.954008,128
1430425934.969076,128
1430425934.983566,128
1430425934.998582,127
1430425935.012902,127
1430425935.027833,127
1430425935.042133,127
1430425935.057392,127
1430425935.072401,127
1430425935.087657,127
1430425935.102318,127
1430425935.116676,127
1430425935.130469,127
1430425935.144401,127
1430425935.158999,127
1430425935.173886,127
1430425935.189485,127
1430425935.204179,127
1430425935.218920,127
1430425935.233570,127
1430425935.249244,127
1430425935.263000,127
1430425935.280142,127
1430425935.294582,127
1430425935.308816,127
1430425935.323112,127
1430425935.338109,127
1430425935.353170,127
1430425935.368229,127
1430425935.383839,127
1430425935.398721,127
1430425935.413827,127
1430425935.428576,127
1430425935.443191,127
1430425935.457866,128
1430425935.472436,128
1430425935.487093,128
1430425935.501054,128
1430425935.514939,127
1430425935.529521,127
1430425935.544276,127
1430425935.558551,127
1430425935.573186,128
1430425935.587471,128
1430425935.601986,127
1430425935.617520,128
1430425935.632108,128
1430425935.651474,128
1430425935.666536,128
1430425935.680961,128
1430425935.699175,128
1430425935.713807,128
1430425935.728553,128
1430425935.742494,128
1430425935.756905,128
1430425935.772102,128
1430425935.787327,128
1430425935.802299,128
1430425935.817552,128
1430425935.832317,129
1430425935.848098,129
1430425935.863018,129
1430425935.878297,129
1430425935.893287,129
1430425935.908264,129
1430425935.922922,129
1430425935.938481,129
1430425935.952205,128
1430425935.967377,129
1430425935.982198,128
1430425935.997609,128
1430425936.013453,128
1430425936.029653,127
1430425936.044151,128
1430425936.062009,128
1430425936.078099,128
1430425936.097482,128
1430425936.112611,128
1430425936.127573,128
1430425936.143260,128
1430425936.158732,128
1430425936.173374,128
1430425936.189274,128
1430425936.204327,128
1430425936.219681,128
1430425936.233952,128
1430425936.248719,128
1430425936.263021,128
1430425936.279408,127
1430425936.293651,128
1430425936.313273,128
1430425936.328028,128
1430425936.342994,128
1430425936.358970,128
1430425936.373660,128
1430425936.387904,128
1430425936.402576,128
1430425936.419447,128
1430425936.434451,128
1430425936.448819,128
1430425936.462889,128
1430425936.477786,128
1430425936.492026,128
1430425936.506732,128
1430425936.520488,128
1430425936.534191,128
1430425936.551663,128
1430425936.566320,128
1430425936.580830,128
1430425936.596231,128
1430425936.617391,127
1430425936.633819,128
1430425936.649125,127
1430425936.663346,127
1430425936.679360,127
1430425936.694496,127
1430425936.711347,127
1430425936.727732,127
1430425936.742186,127
1430425936.760260,127
1430425936.775161,127
1430425936.790694,128
1430425936.804536,128
1430425936.822880,128
1430425936.837390,130
1430425936.851831,130
1430425936.866634,130
1430425936.880830,130
1430425936.894971,130
1430425936.909773,130
1430425936.925139,130
1430425936.940884,130
1430425936.955089,130
1430425936.969825,130
1430425936.984043,129
1430425936.998838,130
1430425937.014046,129
1430425937.028123,129
1430425937.043404,129
1430425937.057615,129
1430425937.073264,129
1430425937.088648,129
1430425937.104092,129
1430425937.118649,129
1430425937.132491,129
1430425937.146921,129
1430425937.163131,129
1430425937.177372,129
1430425937.191871,129
1430425937.206927,128
1430425937.221777,128
1430425937.237380,128
1430425937.252690,129
1430425937.267435,128
1430425937.282157,129
1430425937.297148,129
1430425937.311500,129
1430425937.326219,129
1430425937.342443,129
1430425937.358513,129
1430425937.374252,128
1430425937.390183,129
1430425937.405215,128
1430425937.420638,128
1430425937.436552,128
1430425937.451231,128
1430425937.467371,128
1430425937.481912,128
1430425937.499261,128
1430425937.517185,128
1430425937.532303,128
1430425937.547075,129
1430425937.562562,128
1430425937.578937,128
1430425937.593808,128
1430425937.609032,129
1430425937.625955,129
1430425937.640993,129
1430425937.656946,123
1430425937.672541,112
1430425937.688747,102
1430425937.707245,89
1430425937.722664,76
1430425937.737823,66
1430425937.753511,54
1430425937.772321,45
1430425937.788323,34
1430425937.803445,24
1430425937.818935,13
1430425937.834359,3
1430425937.849329,0
